time	B2	B3	B4	B5	B6	B7	B8	B9	B10	C2	C3	C4	C5	C6	C7	C8	C9	C10	D2	D3	D4	D5	D6	D7	D8	D9	D10	E2	E3	E4	E5	E6	E7	E8	E9	E10	F2	F3	F4	F5	F6	F7	F8	F9	F10	G2	G3	G4	G5	G6	G7	G8	G9	G10
0.16	0.105	0.104	0.103	0.106	0.113	0.106	0.104	0.103	0.11	0.101	0.102	0.103	0.103	0.107	0.105	0.106	0.107	0.101	0.109	0.104	0.105	0.1	0.109	0.107	0.11	0.106	0.102	0.106	0.111	0.102	0.107	0.104	0.106	0.11	0.11	0.109	0.104	0.111	0.106	0.105	0.1	0.104	0.105	0.114	0.109	0.103	0.111	0.103	0.109	0.106	0.106	0.106	0.101	0.105
0.32	0.106	0.103	0.103	0.106	0.107	0.106	0.105	0.103	0.11	0.101	0.102	0.103	0.102	0.107	0.105	0.106	0.107	0.101	0.109	0.104	0.105	0.101	0.109	0.107	0.11	0.106	0.102	0.106	0.11	0.102	0.106	0.105	0.106	0.11	0.109	0.109	0.104	0.111	0.105	0.104	0.099	0.104	0.105	0.114	0.11	0.103	0.111	0.103	0.108	0.105	0.105	0.105	0.101	0.105
0.49	0.106	0.103	0.103	0.106	0.107	0.106	0.104	0.102	0.109	0.101	0.102	0.103	0.102	0.106	0.105	0.106	0.107	0.1	0.108	0.103	0.105	0.101	0.108	0.107	0.109	0.106	0.101	0.106	0.11	0.101	0.106	0.105	0.106	0.109	0.109	0.109	0.103	0.111	0.105	0.104	0.099	0.105	0.105	0.114	0.109	0.102	0.111	0.103	0.108	0.106	0.105	0.105	0.101	0.105
0.66	0.106	0.103	0.103	0.106	0.107	0.106	0.104	0.102	0.109	0.101	0.103	0.102	0.102	0.106	0.106	0.106	0.107	0.1	0.108	0.104	0.105	0.101	0.108	0.107	0.109	0.106	0.101	0.106	0.11	0.101	0.106	0.105	0.106	0.109	0.109	0.109	0.103	0.111	0.104	0.104	0.099	0.106	0.105	0.114	0.11	0.102	0.11	0.103	0.109	0.105	0.105	0.105	0.101	0.105
0.82	0.105	0.102	0.103	0.105	0.107	0.105	0.104	0.102	0.108	0.101	0.103	0.102	0.102	0.106	0.106	0.106	0.107	0.1	0.108	0.103	0.105	0.101	0.107	0.107	0.109	0.106	0.101	0.106	0.11	0.101	0.106	0.105	0.106	0.109	0.109	0.109	0.103	0.11	0.104	0.103	0.099	0.106	0.105	0.114	0.109	0.101	0.11	0.103	0.109	0.106	0.106	0.104	0.101	0.104
0.99	0.105	0.103	0.102	0.105	0.107	0.105	0.104	0.102	0.108	0.101	0.102	0.102	0.102	0.106	0.106	0.105	0.107	0.1	0.108	0.103	0.104	0.101	0.107	0.106	0.109	0.106	0.101	0.105	0.11	0.101	0.106	0.105	0.106	0.108	0.108	0.109	0.103	0.11	0.104	0.103	0.1	0.107	0.106	0.115	0.109	0.101	0.11	0.103	0.109	0.108	0.109	0.104	0.101	0.105
1.16	0.105	0.102	0.102	0.105	0.107	0.105	0.104	0.102	0.108	0.101	0.102	0.102	0.102	0.106	0.106	0.105	0.107	0.1	0.108	0.104	0.104	0.101	0.108	0.106	0.109	0.106	0.101	0.105	0.11	0.101	0.106	0.105	0.106	0.108	0.108	0.108	0.102	0.11	0.105	0.104	0.1	0.108	0.106	0.116	0.109	0.101	0.111	0.104	0.111	0.11	0.112	0.105	0.101	0.106
1.32	0.105	0.102	0.102	0.105	0.107	0.105	0.104	0.102	0.108	0.1	0.102	0.102	0.102	0.106	0.106	0.105	0.107	0.1	0.107	0.103	0.104	0.101	0.108	0.106	0.109	0.106	0.101	0.106	0.11	0.101	0.106	0.105	0.106	0.108	0.108	0.108	0.102	0.11	0.105	0.105	0.101	0.11	0.108	0.117	0.109	0.102	0.112	0.105	0.112	0.112	0.115	0.105	0.102	0.107
1.49	0.105	0.102	0.102	0.105	0.107	0.105	0.104	0.102	0.108	0.101	0.103	0.102	0.101	0.106	0.106	0.105	0.107	0.1	0.107	0.103	0.104	0.101	0.108	0.106	0.108	0.106	0.101	0.105	0.11	0.101	0.106	0.105	0.106	0.108	0.108	0.109	0.102	0.11	0.105	0.105	0.102	0.111	0.108	0.117	0.109	0.102	0.112	0.106	0.113	0.113	0.117	0.106	0.102	0.107
1.66	0.105	0.102	0.102	0.105	0.107	0.105	0.104	0.102	0.108	0.101	0.102	0.102	0.101	0.106	0.106	0.106	0.107	0.099	0.107	0.103	0.104	0.101	0.108	0.106	0.108	0.105	0.101	0.105	0.11	0.101	0.105	0.105	0.106	0.108	0.108	0.108	0.102	0.11	0.105	0.106	0.102	0.112	0.109	0.117	0.109	0.101	0.113	0.106	0.113	0.115	0.119	0.106	0.102	0.107
1.82	0.105	0.102	0.102	0.105	0.107	0.105	0.103	0.102	0.108	0.1	0.102	0.102	0.101	0.105	0.106	0.106	0.107	0.1	0.107	0.103	0.104	0.101	0.108	0.106	0.108	0.105	0.101	0.105	0.11	0.1	0.105	0.105	0.106	0.108	0.108	0.108	0.102	0.11	0.105	0.106	0.103	0.114	0.11	0.118	0.108	0.101	0.114	0.107	0.115	0.116	0.122	0.106	0.103	0.108
1.99	0.105	0.102	0.102	0.105	0.107	0.105	0.104	0.102	0.108	0.1	0.102	0.102	0.101	0.106	0.106	0.105	0.107	0.099	0.107	0.103	0.104	0.101	0.108	0.106	0.108	0.105	0.101	0.105	0.11	0.101	0.106	0.105	0.106	0.108	0.108	0.108	0.102	0.11	0.106	0.107	0.104	0.115	0.111	0.119	0.108	0.102	0.114	0.107	0.116	0.118	0.125	0.107	0.103	0.109
2.16	0.104	0.102	0.102	0.104	0.107	0.105	0.103	0.102	0.108	0.1	0.102	0.101	0.101	0.105	0.106	0.105	0.107	0.099	0.107	0.103	0.103	0.101	0.108	0.106	0.108	0.105	0.101	0.105	0.11	0.101	0.105	0.105	0.107	0.108	0.108	0.108	0.101	0.109	0.106	0.108	0.104	0.117	0.112	0.119	0.108	0.102	0.115	0.108	0.119	0.12	0.128	0.108	0.104	0.109
2.32	0.104	0.102	0.102	0.104	0.108	0.105	0.103	0.102	0.108	0.1	0.102	0.102	0.101	0.105	0.105	0.105	0.107	0.099	0.106	0.103	0.103	0.101	0.108	0.106	0.108	0.105	0.101	0.105	0.11	0.101	0.106	0.105	0.107	0.108	0.107	0.108	0.102	0.109	0.106	0.109	0.105	0.118	0.113	0.119	0.108	0.101	0.114	0.108	0.118	0.12	0.13	0.108	0.104	0.109
2.49	0.104	0.102	0.102	0.104	0.107	0.104	0.103	0.102	0.108	0.1	0.102	0.101	0.101	0.105	0.106	0.105	0.107	0.099	0.106	0.103	0.103	0.101	0.107	0.106	0.108	0.105	0.101	0.105	0.11	0.101	0.106	0.105	0.108	0.108	0.108	0.108	0.102	0.11	0.107	0.111	0.106	0.12	0.114	0.119	0.108	0.101	0.115	0.109	0.121	0.122	0.134	0.109	0.105	0.109
2.66	0.104	0.102	0.102	0.104	0.109	0.105	0.104	0.102	0.108	0.101	0.102	0.101	0.101	0.105	0.106	0.105	0.107	0.099	0.106	0.103	0.103	0.1	0.108	0.106	0.108	0.106	0.101	0.105	0.11	0.101	0.106	0.105	0.108	0.108	0.107	0.108	0.102	0.11	0.108	0.112	0.107	0.122	0.115	0.12	0.108	0.101	0.115	0.11	0.123	0.124	0.138	0.109	0.105	0.11
2.82	0.104	0.103	0.102	0.104	0.108	0.105	0.103	0.102	0.108	0.101	0.102	0.101	0.101	0.105	0.106	0.105	0.106	0.099	0.106	0.103	0.103	0.1	0.108	0.106	0.108	0.105	0.101	0.105	0.11	0.101	0.106	0.105	0.108	0.108	0.107	0.108	0.102	0.109	0.109	0.113	0.108	0.126	0.117	0.121	0.108	0.101	0.117	0.111	0.126	0.126	0.143	0.11	0.105	0.11
2.99	0.103	0.102	0.102	0.104	0.107	0.104	0.103	0.102	0.107	0.101	0.102	0.101	0.101	0.105	0.106	0.104	0.106	0.099	0.106	0.103	0.103	0.1	0.107	0.106	0.108	0.105	0.1	0.105	0.11	0.101	0.106	0.105	0.108	0.108	0.107	0.107	0.102	0.109	0.109	0.114	0.109	0.128	0.119	0.121	0.108	0.101	0.116	0.112	0.127	0.127	0.147	0.111	0.106	0.11
3.16	0.103	0.103	0.102	0.104	0.107	0.104	0.103	0.102	0.107	0.101	0.102	0.102	0.101	0.105	0.106	0.105	0.107	0.098	0.107	0.103	0.103	0.1	0.108	0.106	0.108	0.105	0.101	0.105	0.11	0.101	0.107	0.105	0.108	0.108	0.107	0.108	0.102	0.109	0.111	0.116	0.111	0.132	0.121	0.121	0.108	0.101	0.117	0.113	0.131	0.128	0.152	0.112	0.106	0.11
3.32	0.103	0.102	0.102	0.104	0.107	0.104	0.103	0.102	0.107	0.101	0.102	0.101	0.101	0.105	0.107	0.105	0.107	0.098	0.106	0.103	0.103	0.1	0.108	0.106	0.108	0.105	0.1	0.105	0.11	0.101	0.107	0.105	0.109	0.108	0.107	0.107	0.102	0.109	0.112	0.117	0.112	0.135	0.123	0.122	0.108	0.102	0.119	0.114	0.134	0.13	0.158	0.114	0.107	0.111
3.49	0.103	0.103	0.102	0.104	0.107	0.104	0.103	0.102	0.107	0.102	0.102	0.101	0.101	0.105	0.106	0.105	0.107	0.098	0.105	0.103	0.103	0.1	0.108	0.106	0.108	0.106	0.101	0.105	0.111	0.102	0.108	0.105	0.109	0.108	0.107	0.107	0.102	0.11	0.113	0.118	0.113	0.14	0.125	0.123	0.108	0.102	0.121	0.116	0.139	0.133	0.164	0.116	0.108	0.112
3.66	0.103	0.102	0.102	0.104	0.108	0.104	0.103	0.102	0.107	0.101	0.101	0.101	0.101	0.105	0.106	0.105	0.106	0.098	0.105	0.103	0.103	0.1	0.108	0.106	0.108	0.105	0.1	0.104	0.111	0.102	0.108	0.105	0.109	0.108	0.107	0.107	0.102	0.11	0.115	0.12	0.114	0.145	0.129	0.124	0.108	0.103	0.124	0.12	0.145	0.136	0.171	0.118	0.109	0.113
3.82	0.103	0.103	0.102	0.104	0.108	0.104	0.103	0.102	0.108	0.101	0.102	0.101	0.101	0.105	0.107	0.105	0.107	0.098	0.105	0.103	0.103	0.1	0.108	0.106	0.107	0.105	0.101	0.105	0.111	0.102	0.109	0.106	0.109	0.109	0.107	0.108	0.102	0.11	0.116	0.121	0.116	0.15	0.133	0.125	0.108	0.103	0.124	0.121	0.148	0.138	0.178	0.12	0.109	0.113
3.99	0.103	0.103	0.102	0.104	0.108	0.104	0.103	0.102	0.107	0.101	0.102	0.101	0.101	0.105	0.106	0.105	0.107	0.098	0.105	0.103	0.103	0.1	0.109	0.106	0.107	0.105	0.101	0.104	0.111	0.102	0.11	0.105	0.11	0.109	0.107	0.107	0.102	0.11	0.118	0.123	0.117	0.155	0.136	0.125	0.107	0.103	0.126	0.123	0.152	0.14	0.185	0.123	0.109	0.113
4.16	0.103	0.102	0.101	0.103	0.107	0.104	0.103	0.102	0.107	0.101	0.101	0.101	0.101	0.105	0.107	0.104	0.106	0.098	0.105	0.103	0.102	0.1	0.108	0.106	0.107	0.105	0.101	0.104	0.111	0.102	0.111	0.105	0.11	0.109	0.107	0.107	0.102	0.11	0.121	0.126	0.12	0.161	0.143	0.126	0.108	0.104	0.13	0.127	0.16	0.143	0.193	0.128	0.11	0.114
4.32	0.103	0.103	0.102	0.104	0.108	0.104	0.103	0.102	0.107	0.101	0.102	0.101	0.101	0.105	0.106	0.105	0.107	0.098	0.105	0.103	0.103	0.1	0.108	0.106	0.107	0.105	0.1	0.104	0.112	0.102	0.112	0.106	0.11	0.111	0.107	0.107	0.103	0.111	0.124	0.129	0.122	0.168	0.151	0.126	0.108	0.105	0.134	0.131	0.167	0.146	0.2	0.133	0.111	0.115
4.49	0.102	0.103	0.101	0.103	0.108	0.103	0.103	0.102	0.107	0.101	0.102	0.101	0.101	0.105	0.107	0.105	0.107	0.098	0.104	0.103	0.102	0.1	0.108	0.106	0.107	0.105	0.1	0.104	0.112	0.102	0.113	0.106	0.111	0.11	0.107	0.107	0.103	0.111	0.126	0.131	0.123	0.173	0.157	0.126	0.107	0.105	0.137	0.133	0.172	0.15	0.206	0.135	0.111	0.114
4.66	0.103	0.103	0.102	0.104	0.109	0.104	0.103	0.102	0.107	0.102	0.102	0.101	0.101	0.105	0.106	0.105	0.107	0.098	0.105	0.103	0.103	0.1	0.109	0.106	0.107	0.105	0.1	0.104	0.113	0.103	0.115	0.106	0.112	0.111	0.107	0.107	0.103	0.112	0.13	0.135	0.127	0.18	0.166	0.127	0.108	0.107	0.142	0.139	0.182	0.155	0.215	0.142	0.112	0.116
4.82	0.103	0.103	0.102	0.103	0.108	0.104	0.103	0.102	0.107	0.102	0.102	0.101	0.101	0.105	0.106	0.106	0.107	0.099	0.105	0.103	0.103	0.1	0.109	0.106	0.107	0.105	0.1	0.105	0.114	0.103	0.117	0.106	0.112	0.112	0.108	0.107	0.104	0.113	0.134	0.139	0.13	0.187	0.174	0.128	0.108	0.108	0.147	0.143	0.189	0.16	0.221	0.148	0.112	0.115
4.99	0.102	0.103	0.102	0.103	0.108	0.103	0.103	0.102	0.107	0.102	0.101	0.101	0.101	0.105	0.106	0.104	0.107	0.098	0.105	0.103	0.102	0.1	0.108	0.107	0.107	0.104	0.1	0.104	0.115	0.103	0.119	0.106	0.113	0.113	0.107	0.107	0.104	0.114	0.14	0.145	0.134	0.194	0.184	0.128	0.107	0.11	0.157	0.15	0.2	0.166	0.228	0.156	0.113	0.115
5.16	0.102	0.103	0.102	0.103	0.108	0.104	0.103	0.102	0.108	0.102	0.102	0.101	0.101	0.105	0.106	0.105	0.107	0.098	0.105	0.103	0.102	0.1	0.108	0.106	0.107	0.105	0.1	0.104	0.115	0.103	0.121	0.107	0.114	0.114	0.107	0.107	0.105	0.114	0.142	0.147	0.139	0.201	0.191	0.127	0.107	0.111	0.16	0.151	0.204	0.171	0.233	0.16	0.113	0.115
5.32	0.102	0.103	0.102	0.104	0.108	0.104	0.103	0.102	0.108	0.102	0.102	0.101	0.101	0.106	0.106	0.106	0.108	0.099	0.105	0.103	0.102	0.1	0.11	0.106	0.107	0.105	0.1	0.104	0.116	0.104	0.124	0.107	0.115	0.115	0.107	0.107	0.106	0.116	0.148	0.153	0.144	0.208	0.2	0.128	0.108	0.113	0.167	0.157	0.213	0.179	0.239	0.168	0.114	0.116
5.49	0.102	0.103	0.102	0.104	0.108	0.104	0.103	0.102	0.108	0.103	0.102	0.101	0.101	0.106	0.106	0.105	0.107	0.099	0.105	0.103	0.102	0.1	0.108	0.106	0.107	0.105	0.1	0.104	0.117	0.105	0.128	0.107	0.116	0.117	0.107	0.107	0.106	0.118	0.155	0.161	0.149	0.214	0.208	0.129	0.108	0.117	0.177	0.163	0.223	0.187	0.245	0.176	0.114	0.116
5.66	0.103	0.103	0.102	0.104	0.109	0.104	0.103	0.102	0.108	0.103	0.102	0.101	0.101	0.106	0.106	0.105	0.108	0.099	0.105	0.104	0.102	0.1	0.108	0.106	0.107	0.105	0.1	0.105	0.119	0.105	0.132	0.107	0.117	0.119	0.107	0.107	0.108	0.121	0.162	0.17	0.156	0.222	0.217	0.129	0.108	0.122	0.189	0.169	0.232	0.196	0.252	0.185	0.115	0.116
5.82	0.102	0.104	0.102	0.104	0.109	0.104	0.103	0.102	0.108	0.103	0.102	0.101	0.101	0.106	0.107	0.107	0.108	0.099	0.106	0.104	0.102	0.1	0.108	0.107	0.107	0.105	0.1	0.105	0.12	0.106	0.134	0.108	0.118	0.121	0.108	0.107	0.109	0.123	0.166	0.175	0.163	0.227	0.222	0.129	0.108	0.124	0.196	0.172	0.238	0.202	0.256	0.19	0.114	0.116
5.99	0.102	0.103	0.103	0.104	0.109	0.104	0.103	0.102	0.108	0.103	0.102	0.101	0.101	0.106	0.106	0.106	0.108	0.099	0.105	0.104	0.102	0.1	0.108	0.106	0.107	0.106	0.1	0.105	0.122	0.106	0.138	0.108	0.119	0.123	0.107	0.107	0.111	0.125	0.173	0.182	0.17	0.233	0.229	0.129	0.107	0.129	0.203	0.177	0.245	0.209	0.262	0.199	0.114	0.116
6.16	0.102	0.104	0.103	0.104	0.109	0.104	0.103	0.102	0.109	0.104	0.102	0.101	0.101	0.106	0.106	0.105	0.109	0.099	0.105	0.104	0.102	0.1	0.109	0.107	0.107	0.105	0.1	0.105	0.124	0.107	0.143	0.109	0.121	0.125	0.107	0.106	0.113	0.129	0.179	0.19	0.177	0.239	0.235	0.129	0.107	0.136	0.212	0.183	0.254	0.217	0.267	0.207	0.115	0.116
6.32	0.103	0.104	0.103	0.104	0.11	0.105	0.103	0.102	0.109	0.104	0.102	0.101	0.101	0.107	0.107	0.106	0.109	0.099	0.106	0.105	0.102	0.1	0.109	0.107	0.107	0.105	0.1	0.105	0.126	0.107	0.148	0.11	0.123	0.129	0.107	0.107	0.117	0.133	0.184	0.197	0.185	0.247	0.242	0.129	0.108	0.142	0.218	0.188	0.26	0.223	0.274	0.213	0.115	0.116
6.49	0.103	0.104	0.103	0.105	0.11	0.105	0.104	0.102	0.109	0.104	0.102	0.101	0.101	0.107	0.106	0.106	0.109	0.1	0.105	0.105	0.102	0.101	0.109	0.107	0.107	0.105	0.101	0.106	0.127	0.108	0.151	0.11	0.125	0.132	0.108	0.107	0.12	0.134	0.187	0.199	0.192	0.25	0.245	0.129	0.107	0.147	0.221	0.191	0.262	0.226	0.275	0.217	0.115	0.116
6.66	0.103	0.104	0.104	0.104	0.111	0.105	0.104	0.102	0.11	0.104	0.102	0.101	0.101	0.107	0.106	0.106	0.11	0.1	0.105	0.105	0.102	0.101	0.109	0.107	0.107	0.105	0.1	0.106	0.13	0.109	0.157	0.111	0.127	0.135	0.107	0.107	0.125	0.136	0.195	0.206	0.198	0.257	0.251	0.129	0.107	0.155	0.23	0.197	0.27	0.231	0.282	0.224	0.115	0.116
6.82	0.102	0.104	0.104	0.105	0.111	0.105	0.104	0.103	0.11	0.103	0.102	0.101	0.101	0.108	0.107	0.107	0.11	0.1	0.105	0.105	0.102	0.1	0.109	0.107	0.107	0.105	0.1	0.106	0.132	0.11	0.162	0.113	0.13	0.139	0.107	0.107	0.129	0.137	0.2	0.209	0.204	0.263	0.255	0.129	0.107	0.164	0.238	0.202	0.274	0.235	0.29	0.23	0.115	0.116
6.99	0.103	0.105	0.105	0.105	0.111	0.106	0.104	0.103	0.111	0.104	0.103	0.101	0.101	0.108	0.107	0.107	0.111	0.101	0.105	0.106	0.102	0.101	0.11	0.107	0.107	0.105	0.101	0.107	0.135	0.111	0.168	0.114	0.133	0.144	0.107	0.107	0.137	0.14	0.206	0.215	0.211	0.27	0.262	0.13	0.108	0.176	0.247	0.208	0.28	0.239	0.307	0.239	0.116	0.117
7.16	0.103	0.105	0.105	0.105	0.112	0.106	0.104	0.104	0.111	0.103	0.102	0.101	0.101	0.108	0.107	0.107	0.111	0.101	0.105	0.106	0.102	0.101	0.109	0.107	0.107	0.106	0.101	0.107	0.137	0.112	0.174	0.115	0.136	0.149	0.107	0.107	0.144	0.142	0.21	0.216	0.215	0.27	0.26	0.129	0.107	0.185	0.245	0.212	0.281	0.241	0.312	0.243	0.116	0.117
7.32	0.103	0.105	0.106	0.105	0.113	0.106	0.105	0.104	0.112	0.104	0.103	0.101	0.101	0.109	0.107	0.107	0.112	0.102	0.106	0.106	0.102	0.101	0.112	0.108	0.107	0.106	0.101	0.107	0.14	0.113	0.182	0.117	0.14	0.155	0.107	0.107	0.151	0.145	0.217	0.22	0.219	0.272	0.261	0.13	0.108	0.195	0.231	0.221	0.284	0.244	0.312	0.248	0.117	0.117
7.49	0.103	0.105	0.106	0.105	0.113	0.106	0.105	0.104	0.112	0.104	0.102	0.101	0.101	0.109	0.109	0.107	0.113	0.102	0.106	0.106	0.102	0.101	0.11	0.108	0.108	0.106	0.101	0.108	0.143	0.115	0.189	0.119	0.144	0.161	0.107	0.107	0.161	0.149	0.223	0.223	0.226	0.282	0.267	0.131	0.108	0.205	0.211	0.227	0.285	0.247	0.309	0.255	0.117	0.117
7.66	0.103	0.105	0.107	0.106	0.114	0.106	0.105	0.105	0.113	0.104	0.103	0.102	0.101	0.109	0.107	0.108	0.114	0.102	0.106	0.106	0.103	0.101	0.11	0.108	0.107	0.106	0.101	0.109	0.146	0.116	0.197	0.121	0.148	0.167	0.107	0.107	0.173	0.15	0.229	0.224	0.231	0.28	0.278	0.131	0.108	0.214	0.184	0.233	0.285	0.251	0.309	0.262	0.117	0.118
7.82	0.103	0.105	0.107	0.105	0.115	0.107	0.106	0.105	0.114	0.103	0.103	0.101	0.101	0.109	0.109	0.11	0.115	0.103	0.106	0.106	0.103	0.101	0.11	0.108	0.108	0.106	0.101	0.109	0.149	0.118	0.203	0.123	0.154	0.174	0.107	0.107	0.183	0.15	0.233	0.223	0.236	0.281	0.286	0.132	0.107	0.218	0.173	0.235	0.278	0.254	0.311	0.266	0.117	0.118
7.99	0.103	0.105	0.108	0.105	0.115	0.107	0.106	0.106	0.116	0.104	0.103	0.101	0.101	0.11	0.108	0.109	0.116	0.103	0.106	0.106	0.103	0.101	0.111	0.109	0.108	0.106	0.101	0.11	0.153	0.119	0.209	0.125	0.159	0.181	0.107	0.107	0.188	0.143	0.237	0.223	0.239	0.285	0.294	0.132	0.107	0.214	0.202	0.242	0.272	0.257	0.31	0.269	0.118	0.118
8.16	0.103	0.105	0.109	0.106	0.116	0.107	0.106	0.107	0.116	0.104	0.103	0.101	0.101	0.11	0.108	0.109	0.118	0.104	0.106	0.106	0.103	0.101	0.111	0.11	0.108	0.106	0.101	0.111	0.158	0.122	0.217	0.129	0.165	0.189	0.107	0.107	0.186	0.137	0.242	0.221	0.243	0.289	0.307	0.132	0.108	0.208	0.216	0.246	0.311	0.259	0.313	0.27	0.118	0.119
8.32	0.103	0.105	0.109	0.106	0.117	0.107	0.106	0.107	0.117	0.104	0.103	0.102	0.101	0.111	0.108	0.11	0.12	0.105	0.106	0.106	0.103	0.102	0.112	0.11	0.108	0.106	0.102	0.112	0.162	0.123	0.223	0.132	0.171	0.197	0.107	0.107	0.178	0.134	0.246	0.208	0.246	0.292	0.32	0.132	0.107	0.193	0.223	0.248	0.312	0.263	0.313	0.27	0.119	0.119
8.49	0.103	0.105	0.11	0.106	0.118	0.107	0.106	0.108	0.117	0.105	0.103	0.101	0.101	0.111	0.108	0.109	0.121	0.106	0.106	0.106	0.103	0.101	0.112	0.11	0.108	0.107	0.102	0.113	0.167	0.125	0.23	0.135	0.177	0.203	0.107	0.107	0.168	0.14	0.253	0.197	0.25	0.296	0.323	0.133	0.108	0.177	0.247	0.254	0.307	0.269	0.315	0.262	0.119	0.119
8.66	0.103	0.105	0.111	0.106	0.119	0.107	0.107	0.109	0.118	0.104	0.103	0.101	0.102	0.112	0.108	0.11	0.123	0.107	0.107	0.106	0.104	0.102	0.113	0.11	0.109	0.107	0.102	0.114	0.172	0.128	0.234	0.139	0.184	0.211	0.107	0.107	0.158	0.157	0.259	0.21	0.254	0.301	0.317	0.134	0.108	0.16	0.272	0.259	0.315	0.275	0.319	0.264	0.121	0.12
8.82	0.103	0.105	0.112	0.106	0.12	0.107	0.107	0.11	0.119	0.105	0.103	0.101	0.102	0.112	0.108	0.109	0.125	0.108	0.107	0.106	0.104	0.101	0.114	0.11	0.109	0.107	0.102	0.115	0.172	0.131	0.232	0.142	0.192	0.218	0.107	0.107	0.152	0.168	0.264	0.235	0.258	0.306	0.31	0.134	0.108	0.156	0.292	0.265	0.322	0.281	0.324	0.282	0.121	0.121
8.99	0.104	0.105	0.112	0.106	0.121	0.107	0.107	0.11	0.12	0.105	0.104	0.101	0.102	0.113	0.109	0.11	0.127	0.11	0.107	0.107	0.104	0.102	0.114	0.111	0.109	0.108	0.103	0.117	0.167	0.134	0.227	0.147	0.201	0.228	0.107	0.108	0.149	0.183	0.267	0.246	0.264	0.309	0.312	0.135	0.108	0.164	0.302	0.269	0.325	0.288	0.325	0.291	0.122	0.121
9.16	0.104	0.105	0.113	0.107	0.122	0.107	0.107	0.112	0.121	0.105	0.103	0.101	0.102	0.114	0.108	0.111	0.13	0.11	0.107	0.107	0.104	0.102	0.115	0.111	0.109	0.109	0.103	0.118	0.161	0.137	0.221	0.152	0.21	0.24	0.107	0.107	0.16	0.202	0.27	0.253	0.266	0.313	0.316	0.136	0.108	0.178	0.31	0.273	0.33	0.297	0.329	0.294	0.122	0.122
9.32	0.104	0.105	0.114	0.106	0.123	0.107	0.107	0.113	0.122	0.105	0.103	0.102	0.102	0.115	0.109	0.111	0.132	0.112	0.108	0.107	0.105	0.102	0.116	0.111	0.11	0.109	0.103	0.12	0.161	0.141	0.233	0.156	0.214	0.249	0.107	0.107	0.165	0.223	0.27	0.265	0.272	0.314	0.317	0.137	0.108	0.182	0.313	0.278	0.331	0.302	0.329	0.291	0.123	0.123
9.49	0.104	0.105	0.115	0.107	0.124	0.108	0.108	0.114	0.124	0.106	0.104	0.102	0.102	0.116	0.109	0.114	0.135	0.113	0.108	0.107	0.105	0.102	0.116	0.112	0.11	0.111	0.104	0.122	0.169	0.145	0.241	0.162	0.209	0.253	0.107	0.108	0.167	0.24	0.26	0.272	0.275	0.316	0.32	0.137	0.108	0.196	0.315	0.275	0.332	0.306	0.331	0.295	0.124	0.125
9.66	0.104	0.105	0.115	0.107	0.125	0.108	0.109	0.116	0.126	0.106	0.103	0.102	0.102	0.117	0.109	0.112	0.138	0.115	0.108	0.107	0.105	0.102	0.117	0.112	0.111	0.111	0.104	0.123	0.181	0.148	0.253	0.169	0.206	0.254	0.108	0.108	0.177	0.257	0.251	0.281	0.281	0.321	0.324	0.138	0.108	0.218	0.32	0.277	0.338	0.321	0.335	0.299	0.124	0.125
9.82	0.105	0.106	0.116	0.107	0.127	0.109	0.11	0.117	0.128	0.106	0.104	0.102	0.102	0.118	0.109	0.113	0.142	0.116	0.109	0.107	0.106	0.103	0.118	0.112	0.111	0.112	0.105	0.126	0.186	0.153	0.267	0.175	0.21	0.251	0.107	0.108	0.193	0.273	0.245	0.286	0.276	0.321	0.324	0.14	0.108	0.239	0.321	0.269	0.339	0.312	0.334	0.302	0.125	0.126
9.99	0.105	0.106	0.116	0.107	0.13	0.11	0.111	0.121	0.13	0.106	0.104	0.102	0.102	0.12	0.11	0.114	0.145	0.118	0.109	0.107	0.106	0.103	0.121	0.113	0.112	0.114	0.106	0.129	0.205	0.158	0.279	0.183	0.218	0.254	0.107	0.108	0.213	0.287	0.274	0.294	0.281	0.326	0.329	0.141	0.108	0.262	0.327	0.261	0.345	0.311	0.339	0.308	0.126	0.127
10.16	0.105	0.106	0.117	0.107	0.131	0.109	0.111	0.122	0.131	0.107	0.104	0.102	0.102	0.121	0.11	0.114	0.148	0.12	0.109	0.108	0.107	0.103	0.12	0.113	0.112	0.115	0.107	0.131	0.227	0.162	0.285	0.189	0.235	0.263	0.107	0.108	0.232	0.297	0.275	0.298	0.284	0.327	0.329	0.142	0.108	0.279	0.327	0.257	0.343	0.307	0.338	0.309	0.128	0.129
10.32	0.105	0.106	0.117	0.107	0.132	0.11	0.112	0.124	0.132	0.107	0.104	0.102	0.102	0.123	0.11	0.115	0.153	0.122	0.109	0.108	0.107	0.103	0.121	0.114	0.113	0.117	0.108	0.133	0.246	0.168	0.292	0.197	0.247	0.271	0.108	0.109	0.25	0.307	0.276	0.303	0.286	0.33	0.332	0.144	0.109	0.295	0.331	0.274	0.347	0.309	0.342	0.314	0.129	0.13
10.49	0.105	0.106	0.118	0.107	0.135	0.11	0.112	0.126	0.134	0.108	0.104	0.102	0.102	0.124	0.11	0.116	0.157	0.123	0.109	0.108	0.107	0.103	0.122	0.114	0.113	0.118	0.108	0.132	0.265	0.174	0.301	0.204	0.257	0.278	0.107	0.109	0.269	0.316	0.286	0.309	0.287	0.333	0.336	0.145	0.108	0.308	0.336	0.292	0.353	0.314	0.345	0.319	0.13	0.132
10.66	0.106	0.107	0.118	0.108	0.135	0.109	0.112	0.127	0.135	0.108	0.105	0.102	0.102	0.125	0.111	0.116	0.161	0.126	0.11	0.108	0.108	0.103	0.123	0.114	0.113	0.12	0.109	0.132	0.28	0.181	0.304	0.211	0.264	0.284	0.108	0.109	0.281	0.32	0.294	0.312	0.291	0.333	0.338	0.147	0.109	0.313	0.336	0.281	0.351	0.314	0.344	0.321	0.133	0.135
10.82	0.106	0.107	0.119	0.108	0.136	0.109	0.112	0.128	0.136	0.109	0.105	0.102	0.102	0.126	0.111	0.116	0.165	0.128	0.112	0.108	0.108	0.103	0.124	0.114	0.113	0.122	0.11	0.132	0.292	0.186	0.309	0.218	0.271	0.292	0.108	0.11	0.292	0.326	0.302	0.318	0.298	0.336	0.341	0.15	0.109	0.32	0.341	0.28	0.355	0.318	0.346	0.326	0.135	0.137
10.99	0.106	0.107	0.12	0.108	0.139	0.11	0.113	0.132	0.14	0.109	0.105	0.102	0.102	0.128	0.112	0.118	0.17	0.13	0.111	0.109	0.109	0.104	0.126	0.115	0.114	0.124	0.111	0.134	0.305	0.187	0.316	0.221	0.279	0.298	0.108	0.11	0.304	0.333	0.311	0.323	0.305	0.339	0.344	0.152	0.11	0.327	0.347	0.296	0.36	0.323	0.35	0.331	0.137	0.139
11.16	0.107	0.107	0.12	0.108	0.144	0.111	0.115	0.137	0.143	0.11	0.105	0.103	0.102	0.13	0.112	0.119	0.173	0.132	0.111	0.109	0.11	0.105	0.127	0.115	0.115	0.127	0.112	0.137	0.315	0.184	0.323	0.217	0.286	0.305	0.109	0.111	0.314	0.339	0.317	0.328	0.311	0.342	0.348	0.155	0.11	0.334	0.352	0.309	0.365	0.328	0.354	0.337	0.14	0.141
11.32	0.107	0.107	0.122	0.108	0.145	0.11	0.114	0.138	0.142	0.111	0.106	0.103	0.102	0.132	0.112	0.119	0.176	0.134	0.112	0.11	0.11	0.104	0.13	0.115	0.115	0.129	0.113	0.14	0.322	0.181	0.327	0.206	0.292	0.311	0.109	0.111	0.321	0.342	0.322	0.333	0.316	0.344	0.351	0.158	0.11	0.337	0.354	0.318	0.366	0.331	0.355	0.341	0.142	0.144
11.49	0.107	0.108	0.125	0.109	0.149	0.111	0.114	0.141	0.144	0.112	0.106	0.103	0.103	0.134	0.113	0.12	0.181	0.136	0.112	0.111	0.112	0.105	0.132	0.117	0.116	0.131	0.115	0.148	0.33	0.201	0.335	0.208	0.301	0.318	0.109	0.112	0.331	0.348	0.328	0.339	0.322	0.348	0.356	0.161	0.111	0.343	0.359	0.326	0.372	0.337	0.36	0.345	0.146	0.147
11.66	0.107	0.109	0.127	0.11	0.152	0.111	0.115	0.143	0.146	0.113	0.106	0.103	0.103	0.136	0.115	0.12	0.185	0.139	0.113	0.111	0.113	0.105	0.135	0.117	0.116	0.134	0.116	0.159	0.336	0.208	0.339	0.213	0.306	0.323	0.109	0.113	0.336	0.351	0.332	0.343	0.327	0.35	0.359	0.164	0.111	0.347	0.363	0.329	0.374	0.341	0.361	0.35	0.149	0.15
11.82	0.108	0.109	0.129	0.11	0.156	0.112	0.115	0.147	0.148	0.115	0.107	0.104	0.103	0.138	0.115	0.121	0.188	0.141	0.114	0.112	0.114	0.105	0.139	0.118	0.117	0.136	0.117	0.173	0.342	0.217	0.343	0.224	0.311	0.326	0.11	0.114	0.34	0.353	0.335	0.346	0.331	0.351	0.363	0.168	0.112	0.348	0.364	0.332	0.376	0.344	0.362	0.352	0.153	0.154
11.99	0.108	0.11	0.133	0.111	0.162	0.113	0.117	0.152	0.151	0.118	0.107	0.104	0.104	0.141	0.116	0.122	0.192	0.143	0.114	0.112	0.115	0.106	0.141	0.118	0.118	0.139	0.119	0.193	0.35	0.244	0.349	0.246	0.318	0.332	0.11	0.114	0.348	0.36	0.342	0.351	0.337	0.355	0.368	0.171	0.113	0.355	0.37	0.339	0.382	0.35	0.366	0.357	0.157	0.158
12.16	0.109	0.11	0.135	0.111	0.165	0.113	0.117	0.155	0.153	0.12	0.108	0.105	0.104	0.143	0.116	0.123	0.195	0.146	0.115	0.113	0.116	0.105	0.144	0.118	0.118	0.142	0.12	0.212	0.354	0.268	0.352	0.262	0.322	0.336	0.11	0.116	0.351	0.363	0.345	0.354	0.34	0.356	0.371	0.176	0.113	0.357	0.372	0.342	0.383	0.353	0.367	0.36	0.162	0.162
12.32	0.109	0.111	0.137	0.112	0.168	0.114	0.118	0.158	0.155	0.122	0.108	0.105	0.104	0.147	0.116	0.124	0.199	0.148	0.117	0.113	0.117	0.106	0.145	0.119	0.12	0.144	0.122	0.229	0.353	0.279	0.351	0.272	0.325	0.338	0.111	0.117	0.349	0.361	0.344	0.353	0.339	0.353	0.369	0.18	0.114	0.354	0.368	0.34	0.38	0.351	0.364	0.359	0.166	0.166
12.49	0.109	0.112	0.14	0.112	0.173	0.115	0.12	0.164	0.158	0.125	0.108	0.105	0.104	0.151	0.117	0.126	0.201	0.15	0.118	0.114	0.119	0.107	0.149	0.12	0.121	0.146	0.124	0.247	0.358	0.29	0.356	0.282	0.33	0.341	0.112	0.119	0.355	0.366	0.347	0.357	0.344	0.355	0.372	0.185	0.116	0.36	0.372	0.345	0.382	0.355	0.366	0.363	0.171	0.171
12.66	0.11	0.112	0.142	0.113	0.176	0.117	0.121	0.168	0.159	0.127	0.109	0.106	0.104	0.154	0.118	0.127	0.203	0.153	0.119	0.114	0.12	0.107	0.153	0.12	0.121	0.148	0.125	0.263	0.362	0.299	0.36	0.288	0.334	0.346	0.112	0.12	0.358	0.37	0.351	0.361	0.347	0.357	0.376	0.19	0.117	0.364	0.375	0.349	0.385	0.359	0.368	0.366	0.175	0.176
12.82	0.11	0.113	0.146	0.114	0.178	0.117	0.121	0.171	0.161	0.131	0.109	0.107	0.105	0.157	0.12	0.127	0.207	0.154	0.12	0.116	0.121	0.107	0.155	0.121	0.122	0.151	0.128	0.278	0.365	0.306	0.363	0.297	0.337	0.35	0.113	0.123	0.361	0.372	0.355	0.363	0.349	0.358	0.378	0.195	0.118	0.365	0.376	0.352	0.386	0.361	0.37	0.369	0.181	0.181
12.99	0.111	0.114	0.149	0.114	0.191	0.119	0.124	0.179	0.164	0.131	0.11	0.107	0.105	0.163	0.12	0.131	0.21	0.154	0.121	0.116	0.123	0.107	0.157	0.121	0.124	0.152	0.128	0.293	0.368	0.312	0.366	0.304	0.341	0.352	0.114	0.125	0.364	0.375	0.357	0.365	0.351	0.359	0.379	0.201	0.12	0.368	0.378	0.355	0.388	0.363	0.37	0.372	0.186	0.187
13.16	0.112	0.115	0.151	0.115	0.186	0.12	0.124	0.181	0.164	0.135	0.11	0.108	0.105	0.166	0.122	0.131	0.212	0.157	0.123	0.117	0.125	0.108	0.16	0.123	0.125	0.154	0.13	0.303	0.37	0.317	0.368	0.309	0.344	0.357	0.115	0.127	0.367	0.376	0.359	0.367	0.353	0.359	0.381	0.207	0.121	0.371	0.378	0.357	0.388	0.364	0.371	0.373	0.192	0.193
13.32	0.113	0.116	0.154	0.116	0.19	0.121	0.126	0.185	0.166	0.138	0.111	0.108	0.105	0.172	0.122	0.133	0.215	0.158	0.124	0.118	0.126	0.109	0.164	0.124	0.126	0.155	0.131	0.312	0.373	0.323	0.371	0.315	0.348	0.36	0.116	0.13	0.37	0.379	0.361	0.369	0.355	0.361	0.384	0.214	0.123	0.374	0.38	0.361	0.391	0.367	0.373	0.376	0.197	0.2
13.49	0.113	0.116	0.154	0.115	0.191	0.121	0.126	0.187	0.165	0.14	0.111	0.108	0.105	0.175	0.122	0.133	0.217	0.16	0.123	0.119	0.127	0.108	0.164	0.125	0.127	0.155	0.132	0.318	0.372	0.325	0.369	0.317	0.349	0.361	0.117	0.132	0.368	0.377	0.358	0.368	0.354	0.359	0.381	0.22	0.125	0.372	0.376	0.358	0.387	0.364	0.369	0.375	0.201	0.205
13.66	0.114	0.118	0.156	0.117	0.197	0.123	0.128	0.19	0.168	0.142	0.112	0.108	0.106	0.179	0.124	0.135	0.221	0.163	0.126	0.12	0.129	0.109	0.168	0.126	0.128	0.158	0.134	0.328	0.377	0.334	0.375	0.325	0.354	0.366	0.118	0.135	0.375	0.382	0.364	0.372	0.36	0.363	0.387	0.228	0.128	0.378	0.381	0.366	0.393	0.371	0.374	0.38	0.209	0.213
13.82	0.115	0.118	0.157	0.117	0.198	0.124	0.128	0.191	0.168	0.146	0.113	0.109	0.106	0.182	0.125	0.135	0.223	0.165	0.127	0.121	0.131	0.11	0.17	0.128	0.128	0.16	0.135	0.33	0.375	0.335	0.374	0.327	0.354	0.367	0.12	0.139	0.374	0.38	0.362	0.37	0.358	0.361	0.385	0.234	0.131	0.376	0.379	0.364	0.389	0.368	0.371	0.379	0.214	0.219
13.99	0.117	0.12	0.16	0.119	0.201	0.125	0.129	0.194	0.17	0.15	0.114	0.11	0.106	0.186	0.127	0.137	0.227	0.168	0.129	0.124	0.133	0.11	0.174	0.129	0.13	0.161	0.137	0.336	0.378	0.341	0.376	0.333	0.358	0.371	0.122	0.143	0.378	0.382	0.364	0.372	0.361	0.362	0.386	0.241	0.134	0.378	0.38	0.367	0.392	0.371	0.373	0.381	0.22	0.226
14.16	0.117	0.121	0.16	0.12	0.203	0.126	0.13	0.196	0.171	0.152	0.114	0.109	0.106	0.189	0.127	0.138	0.229	0.17	0.13	0.124	0.134	0.11	0.177	0.13	0.13	0.162	0.138	0.342	0.38	0.344	0.378	0.336	0.36	0.372	0.124	0.147	0.379	0.383	0.367	0.373	0.363	0.363	0.387	0.248	0.138	0.38	0.381	0.37	0.393	0.373	0.373	0.382	0.225	0.232
14.32	0.118	0.123	0.163	0.122	0.207	0.129	0.131	0.198	0.173	0.156	0.116	0.111	0.107	0.192	0.13	0.139	0.233	0.174	0.133	0.128	0.138	0.111	0.181	0.133	0.131	0.165	0.14	0.346	0.382	0.349	0.38	0.341	0.363	0.376	0.127	0.152	0.381	0.385	0.37	0.375	0.367	0.364	0.389	0.255	0.143	0.381	0.383	0.372	0.394	0.375	0.375	0.384	0.232	0.238
14.49	0.12	0.125	0.167	0.123	0.209	0.131	0.133	0.201	0.176	0.16	0.117	0.112	0.107	0.195	0.132	0.14	0.237	0.178	0.136	0.131	0.141	0.112	0.185	0.134	0.133	0.168	0.143	0.351	0.384	0.352	0.382	0.345	0.365	0.377	0.129	0.158	0.383	0.387	0.372	0.377	0.37	0.365	0.39	0.262	0.148	0.383	0.384	0.375	0.396	0.377	0.376	0.386	0.238	0.244
14.66	0.122	0.127	0.171	0.124	0.211	0.132	0.134	0.203	0.178	0.162	0.118	0.112	0.108	0.198	0.134	0.142	0.241	0.18	0.138	0.132	0.145	0.113	0.188	0.135	0.133	0.169	0.143	0.356	0.386	0.357	0.384	0.349	0.368	0.38	0.133	0.164	0.386	0.389	0.374	0.379	0.373	0.367	0.392	0.269	0.153	0.386	0.386	0.377	0.398	0.379	0.377	0.388	0.244	0.249
14.82	0.124	0.129	0.175	0.125	0.214	0.133	0.134	0.205	0.18	0.164	0.12	0.113	0.108	0.2	0.135	0.143	0.244	0.183	0.141	0.134	0.149	0.113	0.192	0.137	0.133	0.171	0.144	0.358	0.387	0.36	0.386	0.352	0.37	0.381	0.135	0.169	0.387	0.39	0.376	0.381	0.375	0.368	0.392	0.276	0.158	0.387	0.386	0.38	0.399	0.381	0.378	0.389	0.249	0.252
14.99	0.126	0.131	0.177	0.127	0.215	0.136	0.135	0.206	0.181	0.166	0.121	0.114	0.108	0.201	0.137	0.145	0.246	0.186	0.142	0.136	0.151	0.114	0.194	0.139	0.134	0.173	0.145	0.357	0.385	0.359	0.384	0.352	0.369	0.38	0.14	0.176	0.384	0.388	0.374	0.378	0.373	0.365	0.388	0.281	0.165	0.384	0.384	0.376	0.396	0.378	0.375	0.387	0.255	0.253
15.16	0.129	0.135	0.183	0.131	0.224	0.138	0.137	0.209	0.185	0.171	0.123	0.115	0.109	0.206	0.141	0.147	0.25	0.19	0.147	0.141	0.155	0.115	0.2	0.141	0.136	0.176	0.146	0.364	0.389	0.364	0.387	0.357	0.373	0.383	0.144	0.184	0.388	0.391	0.378	0.382	0.377	0.368	0.392	0.287	0.173	0.388	0.387	0.382	0.399	0.381	0.378	0.39	0.26	0.252
15.32	0.131	0.138	0.187	0.134	0.221	0.141	0.139	0.211	0.188	0.172	0.125	0.117	0.11	0.207	0.144	0.15	0.252	0.192	0.15	0.143	0.161	0.117	0.202	0.144	0.137	0.179	0.149	0.366	0.39	0.367	0.388	0.359	0.375	0.384	0.148	0.192	0.388	0.391	0.379	0.383	0.378	0.368	0.392	0.288	0.181	0.388	0.387	0.384	0.4	0.382	0.378	0.391	0.263	0.25
15.49	0.133	0.141	0.191	0.135	0.223	0.142	0.139	0.213	0.19	0.173	0.127	0.119	0.11	0.209	0.146	0.152	0.254	0.194	0.152	0.145	0.164	0.118	0.205	0.145	0.137	0.18	0.151	0.369	0.392	0.37	0.389	0.363	0.376	0.386	0.153	0.198	0.39	0.393	0.381	0.385	0.38	0.37	0.394	0.285	0.19	0.389	0.389	0.386	0.401	0.384	0.379	0.393	0.261	0.253
15.66	0.135	0.144	0.201	0.138	0.231	0.145	0.141	0.216	0.194	0.176	0.129	0.121	0.111	0.211	0.15	0.154	0.258	0.198	0.156	0.147	0.17	0.119	0.209	0.148	0.139	0.184	0.155	0.372	0.393	0.373	0.391	0.366	0.379	0.387	0.159	0.206	0.391	0.394	0.383	0.387	0.382	0.371	0.396	0.278	0.196	0.39	0.389	0.387	0.403	0.385	0.38	0.394	0.258	0.251
15.82	0.138	0.146	0.204	0.14	0.228	0.148	0.143	0.221	0.198	0.179	0.131	0.124	0.112	0.214	0.153	0.157	0.262	0.2	0.16	0.152	0.174	0.122	0.213	0.151	0.14	0.187	0.158	0.371	0.394	0.375	0.391	0.368	0.379	0.387	0.165	0.214	0.391	0.393	0.382	0.386	0.381	0.37	0.394	0.282	0.196	0.389	0.388	0.387	0.402	0.384	0.379	0.394	0.262	0.249
15.99	0.141	0.15	0.211	0.141	0.23	0.149	0.144	0.224	0.202	0.18	0.134	0.128	0.112	0.217	0.155	0.16	0.265	0.203	0.162	0.154	0.181	0.123	0.216	0.152	0.142	0.189	0.161	0.376	0.398	0.38	0.394	0.373	0.383	0.39	0.171	0.217	0.394	0.397	0.386	0.39	0.384	0.373	0.398	0.285	0.186	0.393	0.392	0.391	0.406	0.388	0.382	0.398	0.263	0.25
16.16	0.143	0.152	0.216	0.144	0.233	0.152	0.147	0.227	0.204	0.183	0.136	0.13	0.113	0.22	0.159	0.162	0.267	0.206	0.164	0.157	0.186	0.125	0.219	0.155	0.143	0.192	0.165	0.377	0.397	0.382	0.395	0.376	0.384	0.391	0.177	0.214	0.394	0.398	0.387	0.39	0.385	0.374	0.399	0.284	0.181	0.393	0.393	0.392	0.407	0.388	0.383	0.399	0.26	0.26
16.32	0.144	0.153	0.218	0.144	0.234	0.153	0.149	0.228	0.206	0.184	0.138	0.132	0.113	0.221	0.161	0.164	0.269	0.208	0.164	0.158	0.189	0.126	0.222	0.157	0.146	0.193	0.167	0.377	0.396	0.382	0.394	0.375	0.383	0.39	0.184	0.208	0.393	0.397	0.385	0.389	0.383	0.373	0.398	0.286	0.178	0.392	0.393	0.391	0.405	0.387	0.381	0.398	0.259	0.268
16.49	0.145	0.155	0.222	0.145	0.236	0.154	0.149	0.229	0.206	0.185	0.139	0.134	0.113	0.223	0.161	0.166	0.27	0.209	0.165	0.16	0.192	0.126	0.224	0.157	0.146	0.195	0.168	0.377	0.395	0.381	0.393	0.375	0.384	0.391	0.19	0.206	0.392	0.397	0.384	0.388	0.383	0.373	0.398	0.292	0.17	0.391	0.391	0.389	0.404	0.386	0.381	0.397	0.263	0.273
16.66	0.149	0.159	0.229	0.15	0.239	0.159	0.154	0.233	0.21	0.188	0.142	0.138	0.114	0.228	0.166	0.169	0.274	0.213	0.168	0.164	0.197	0.13	0.228	0.162	0.149	0.199	0.172	0.378	0.396	0.382	0.394	0.377	0.385	0.392	0.198	0.207	0.393	0.397	0.386	0.389	0.384	0.373	0.398	0.302	0.192	0.391	0.392	0.391	0.404	0.386	0.381	0.398	0.272	0.281
16.82	0.152	0.162	0.233	0.152	0.241	0.161	0.156	0.235	0.214	0.189	0.145	0.14	0.114	0.231	0.169	0.174	0.277	0.218	0.17	0.166	0.201	0.131	0.233	0.165	0.151	0.201	0.175	0.381	0.398	0.384	0.396	0.379	0.387	0.394	0.205	0.216	0.395	0.399	0.387	0.39	0.385	0.374	0.4	0.309	0.209	0.393	0.393	0.392	0.406	0.388	0.383	0.399	0.279	0.288
16.99	0.154	0.164	0.239	0.156	0.246	0.164	0.159	0.238	0.217	0.191	0.149	0.147	0.116	0.235	0.17	0.174	0.28	0.221	0.173	0.168	0.206	0.134	0.234	0.168	0.154	0.204	0.178	0.382	0.399	0.387	0.398	0.382	0.389	0.396	0.213	0.213	0.396	0.4	0.389	0.392	0.387	0.376	0.401	0.314	0.219	0.394	0.395	0.395	0.408	0.389	0.384	0.401	0.285	0.293
17.16	0.156	0.167	0.243	0.158	0.247	0.167	0.162	0.242	0.222	0.193	0.153	0.153	0.118	0.239	0.172	0.176	0.284	0.226	0.175	0.17	0.211	0.136	0.239	0.17	0.156	0.208	0.181	0.384	0.401	0.388	0.4	0.384	0.39	0.397	0.222	0.227	0.397	0.401	0.391	0.394	0.388	0.378	0.403	0.321	0.23	0.395	0.397	0.396	0.41	0.391	0.385	0.403	0.291	0.301
17.32	0.157	0.169	0.246	0.16	0.249	0.167	0.162	0.243	0.222	0.194	0.154	0.156	0.118	0.241	0.172	0.177	0.285	0.23	0.175	0.171	0.213	0.136	0.242	0.171	0.159	0.209	0.183	0.383	0.4	0.387	0.399	0.383	0.39	0.397	0.229	0.239	0.396	0.399	0.39	0.392	0.387	0.377	0.402	0.327	0.237	0.394	0.395	0.395	0.409	0.39	0.384	0.402	0.296	0.307
17.49	0.158	0.17	0.25	0.162	0.252	0.168	0.165	0.246	0.227	0.194	0.157	0.161	0.119	0.244	0.174	0.179	0.288	0.235	0.177	0.173	0.218	0.139	0.244	0.172	0.161	0.212	0.185	0.383	0.4	0.387	0.399	0.383	0.389	0.397	0.234	0.247	0.396	0.399	0.389	0.392	0.387	0.377	0.4	0.331	0.244	0.394	0.395	0.394	0.408	0.389	0.383	0.402	0.301	0.309
17.66	0.16	0.172	0.252	0.165	0.254	0.169	0.166	0.247	0.229	0.196	0.16	0.165	0.12	0.247	0.175	0.182	0.29	0.238	0.178	0.175	0.22	0.141	0.247	0.172	0.163	0.214	0.187	0.384	0.399	0.387	0.398	0.383	0.389	0.397	0.235	0.255	0.396	0.398	0.389	0.391	0.386	0.376	0.401	0.337	0.252	0.394	0.394	0.394	0.407	0.388	0.382	0.401	0.307	0.315
17.82	0.161	0.172	0.256	0.167	0.262	0.171	0.168	0.249	0.23	0.196	0.163	0.169	0.122	0.25	0.177	0.185	0.292	0.241	0.179	0.176	0.224	0.143	0.249	0.174	0.166	0.216	0.189	0.385	0.4	0.389	0.399	0.384	0.391	0.399	0.232	0.262	0.397	0.399	0.39	0.392	0.388	0.377	0.403	0.341	0.259	0.395	0.395	0.395	0.408	0.389	0.383	0.402	0.313	0.319
17.99	0.164	0.174	0.259	0.167	0.261	0.171	0.168	0.252	0.234	0.198	0.165	0.175	0.123	0.254	0.178	0.185	0.295	0.245	0.18	0.177	0.227	0.144	0.253	0.176	0.167	0.219	0.191	0.386	0.4	0.389	0.4	0.385	0.392	0.399	0.23	0.269	0.397	0.399	0.39	0.392	0.388	0.378	0.403	0.346	0.265	0.395	0.395	0.396	0.408	0.39	0.384	0.403	0.318	0.324
18.16	0.165	0.176	0.262	0.17	0.263	0.175	0.172	0.255	0.24	0.2	0.168	0.18	0.125	0.256	0.181	0.187	0.298	0.25	0.183	0.179	0.231	0.149	0.254	0.179	0.17	0.222	0.194	0.385	0.4	0.389	0.4	0.386	0.392	0.4	0.229	0.276	0.397	0.399	0.39	0.393	0.389	0.378	0.403	0.35	0.271	0.394	0.395	0.396	0.409	0.39	0.384	0.403	0.322	0.327
18.32	0.168	0.179	0.266	0.172	0.267	0.178	0.175	0.26	0.246	0.202	0.172	0.187	0.128	0.261	0.184	0.191	0.304	0.257	0.185	0.182	0.235	0.153	0.258	0.182	0.172	0.227	0.198	0.389	0.403	0.394	0.404	0.389	0.395	0.403	0.225	0.284	0.401	0.404	0.394	0.396	0.392	0.381	0.406	0.355	0.275	0.398	0.398	0.4	0.412	0.393	0.386	0.406	0.329	0.33
18.49	0.171	0.182	0.27	0.172	0.269	0.18	0.175	0.262	0.252	0.204	0.173	0.192	0.127	0.265	0.185	0.192	0.308	0.263	0.186	0.183	0.237	0.153	0.262	0.182	0.174	0.23	0.201	0.39	0.404	0.395	0.405	0.39	0.395	0.404	0.224	0.289	0.401	0.403	0.395	0.396	0.393	0.381	0.405	0.359	0.279	0.399	0.399	0.4	0.413	0.394	0.387	0.407	0.332	0.331
18.66	0.172	0.183	0.273	0.175	0.272	0.182	0.179	0.266	0.256	0.208	0.176	0.2	0.132	0.268	0.188	0.194	0.312	0.266	0.189	0.185	0.242	0.159	0.263	0.185	0.176	0.235	0.205	0.391	0.405	0.396	0.406	0.391	0.397	0.406	0.241	0.294	0.403	0.405	0.396	0.398	0.393	0.382	0.405	0.363	0.281	0.4	0.4	0.401	0.414	0.395	0.388	0.408	0.336	0.333
18.82	0.174	0.186	0.277	0.178	0.275	0.184	0.181	0.268	0.26	0.211	0.178	0.205	0.133	0.272	0.19	0.195	0.317	0.27	0.191	0.186	0.246	0.16	0.269	0.186	0.178	0.238	0.209	0.392	0.406	0.398	0.407	0.393	0.399	0.407	0.251	0.299	0.404	0.406	0.397	0.399	0.394	0.384	0.407	0.369	0.287	0.401	0.401	0.403	0.416	0.396	0.39	0.41	0.34	0.334
18.99	0.174	0.185	0.279	0.18	0.276	0.185	0.182	0.268	0.262	0.213	0.179	0.209	0.135	0.274	0.191	0.197	0.318	0.273	0.192	0.187	0.248	0.163	0.27	0.188	0.179	0.241	0.212	0.391	0.406	0.398	0.407	0.393	0.398	0.407	0.261	0.303	0.403	0.405	0.397	0.398	0.394	0.383	0.406	0.372	0.291	0.4	0.4	0.402	0.415	0.395	0.389	0.409	0.343	0.337
19.16	0.177	0.189	0.284	0.18	0.28	0.185	0.182	0.272	0.266	0.217	0.182	0.214	0.136	0.278	0.191	0.198	0.323	0.277	0.192	0.187	0.252	0.163	0.274	0.189	0.182	0.244	0.217	0.392	0.407	0.399	0.408	0.395	0.4	0.409	0.268	0.31	0.405	0.407	0.399	0.399	0.396	0.385	0.408	0.374	0.298	0.401	0.403	0.404	0.417	0.397	0.39	0.411	0.346	0.341
19.32	0.177	0.189	0.286	0.182	0.281	0.188	0.184	0.274	0.267	0.22	0.184	0.218	0.14	0.279	0.194	0.2	0.326	0.279	0.194	0.189	0.255	0.167	0.275	0.192	0.183	0.246	0.219	0.392	0.407	0.399	0.409	0.395	0.4	0.409	0.276	0.314	0.405	0.407	0.399	0.4	0.396	0.385	0.408	0.375	0.304	0.401	0.401	0.404	0.417	0.397	0.39	0.411	0.348	0.343
19.49	0.178	0.19	0.288	0.184	0.283	0.19	0.186	0.275	0.27	0.223	0.186	0.222	0.142	0.282	0.196	0.202	0.328	0.282	0.196	0.19	0.258	0.168	0.278	0.194	0.184	0.249	0.222	0.393	0.408	0.401	0.409	0.396	0.401	0.41	0.281	0.318	0.406	0.408	0.4	0.4	0.397	0.386	0.408	0.375	0.31	0.402	0.403	0.406	0.418	0.399	0.391	0.412	0.349	0.346
19.66	0.179	0.191	0.292	0.186	0.287	0.192	0.188	0.28	0.274	0.226	0.188	0.227	0.145	0.286	0.198	0.204	0.334	0.286	0.198	0.191	0.261	0.169	0.281	0.195	0.186	0.253	0.226	0.396	0.412	0.406	0.415	0.402	0.405	0.414	0.288	0.32	0.41	0.412	0.405	0.405	0.401	0.39	0.411	0.377	0.315	0.405	0.408	0.41	0.423	0.403	0.394	0.417	0.349	0.35
19.82	0.18	0.192	0.295	0.186	0.29	0.193	0.19	0.283	0.278	0.23	0.19	0.231	0.147	0.29	0.2	0.206	0.338	0.289	0.2	0.192	0.264	0.171	0.283	0.197	0.187	0.256	0.23	0.395	0.411	0.405	0.413	0.401	0.405	0.414	0.294	0.322	0.409	0.411	0.403	0.404	0.401	0.389	0.411	0.38	0.318	0.405	0.407	0.409	0.421	0.402	0.394	0.416	0.35	0.356
19.99	0.183	0.196	0.297	0.19	0.293	0.197	0.193	0.284	0.281	0.232	0.192	0.234	0.149	0.292	0.203	0.209	0.34	0.291	0.202	0.195	0.267	0.173	0.286	0.2	0.189	0.258	0.231	0.397	0.413	0.406	0.415	0.403	0.407	0.415	0.298	0.326	0.409	0.412	0.405	0.407	0.402	0.391	0.412	0.382	0.321	0.406	0.409	0.411	0.423	0.403	0.395	0.418	0.354	0.359
20.16	0.182	0.195	0.299	0.19	0.295	0.197	0.193	0.286	0.282	0.233	0.193	0.238	0.152	0.295	0.202	0.21	0.343	0.294	0.202	0.193	0.27	0.174	0.288	0.201	0.19	0.26	0.233	0.396	0.411	0.406	0.413	0.402	0.406	0.415	0.302	0.33	0.408	0.411	0.404	0.405	0.401	0.39	0.411	0.383	0.324	0.406	0.408	0.409	0.421	0.402	0.394	0.416	0.355	0.361
20.32	0.185	0.197	0.304	0.191	0.299	0.197	0.194	0.289	0.285	0.237	0.194	0.243	0.153	0.299	0.203	0.212	0.347	0.298	0.205	0.194	0.275	0.175	0.291	0.202	0.192	0.262	0.237	0.397	0.412	0.407	0.414	0.403	0.408	0.416	0.306	0.334	0.409	0.412	0.405	0.406	0.403	0.391	0.414	0.385	0.327	0.407	0.409	0.41	0.423	0.403	0.396	0.418	0.358	0.365
20.49	0.185	0.198	0.305	0.193	0.299	0.2	0.196	0.29	0.286	0.241	0.196	0.246	0.157	0.3	0.205	0.215	0.348	0.299	0.207	0.196	0.277	0.178	0.293	0.204	0.193	0.263	0.239	0.397	0.412	0.406	0.413	0.403	0.406	0.415	0.31	0.339	0.409	0.411	0.404	0.404	0.401	0.389	0.412	0.389	0.331	0.407	0.407	0.409	0.421	0.401	0.394	0.417	0.359	0.368
20.66	0.188	0.199	0.308	0.196	0.304	0.203	0.199	0.294	0.29	0.246	0.198	0.25	0.159	0.303	0.209	0.218	0.352	0.302	0.209	0.198	0.28	0.18	0.294	0.207	0.194	0.266	0.243	0.399	0.414	0.41	0.416	0.406	0.41	0.418	0.316	0.345	0.412	0.414	0.407	0.408	0.404	0.392	0.414	0.391	0.334	0.409	0.411	0.412	0.424	0.404	0.396	0.419	0.361	0.371
20.82	0.19	0.201	0.31	0.196	0.306	0.205	0.201	0.298	0.295	0.248	0.199	0.253	0.161	0.306	0.21	0.222	0.356	0.305	0.21	0.198	0.283	0.181	0.297	0.21	0.197	0.269	0.246	0.4	0.416	0.412	0.418	0.408	0.412	0.42	0.317	0.349	0.413	0.415	0.409	0.41	0.405	0.394	0.416	0.394	0.337	0.411	0.412	0.414	0.427	0.407	0.398	0.421	0.364	0.374
20.99	0.19	0.203	0.312	0.198	0.307	0.207	0.204	0.298	0.295	0.251	0.201	0.256	0.162	0.308	0.213	0.224	0.356	0.309	0.213	0.2	0.284	0.182	0.299	0.211	0.199	0.27	0.248	0.399	0.414	0.41	0.417	0.407	0.411	0.419	0.32	0.353	0.411	0.414	0.408	0.409	0.404	0.393	0.415	0.397	0.34	0.409	0.411	0.412	0.424	0.405	0.397	0.419	0.367	0.375
21.16	0.194	0.206	0.315	0.199	0.31	0.209	0.205	0.301	0.297	0.252	0.203	0.26	0.163	0.31	0.215	0.227	0.359	0.312	0.213	0.201	0.287	0.184	0.302	0.214	0.202	0.271	0.252	0.398	0.414	0.409	0.416	0.406	0.412	0.419	0.323	0.356	0.409	0.413	0.407	0.407	0.403	0.392	0.415	0.398	0.34	0.408	0.41	0.411	0.424	0.405	0.396	0.419	0.369	0.378
21.32	0.195	0.208	0.319	0.2	0.312	0.21	0.208	0.303	0.299	0.254	0.204	0.264	0.164	0.313	0.215	0.23	0.362	0.314	0.215	0.202	0.29	0.185	0.305	0.215	0.203	0.273	0.253	0.401	0.416	0.412	0.418	0.409	0.414	0.421	0.326	0.359	0.413	0.416	0.409	0.409	0.405	0.394	0.418	0.402	0.344	0.412	0.412	0.414	0.425	0.408	0.398	0.42	0.371	0.38
21.49	0.198	0.21	0.319	0.202	0.312	0.212	0.211	0.305	0.302	0.255	0.205	0.265	0.165	0.314	0.218	0.233	0.364	0.318	0.216	0.204	0.292	0.187	0.308	0.218	0.206	0.275	0.256	0.397	0.411	0.407	0.413	0.404	0.409	0.417	0.33	0.361	0.408	0.411	0.405	0.404	0.4	0.391	0.412	0.402	0.343	0.408	0.408	0.409	0.42	0.403	0.394	0.416	0.372	0.379
21.66	0.201	0.214	0.322	0.205	0.315	0.216	0.212	0.306	0.301	0.257	0.209	0.268	0.168	0.317	0.219	0.236	0.365	0.319	0.219	0.207	0.295	0.19	0.31	0.22	0.208	0.277	0.257	0.399	0.413	0.409	0.415	0.406	0.411	0.419	0.336	0.367	0.41	0.413	0.407	0.406	0.402	0.392	0.414	0.405	0.347	0.409	0.41	0.411	0.421	0.406	0.395	0.417	0.376	0.382
21.82	0.202	0.213	0.325	0.204	0.318	0.215	0.212	0.307	0.3	0.257	0.209	0.271	0.168	0.319	0.22	0.238	0.366	0.319	0.222	0.207	0.299	0.19	0.313	0.221	0.21	0.276	0.257	0.4	0.414	0.411	0.416	0.407	0.413	0.421	0.338	0.369	0.412	0.413	0.408	0.406	0.403	0.394	0.416	0.408	0.349	0.41	0.411	0.412	0.422	0.406	0.396	0.418	0.377	0.383
21.99	0.204	0.217	0.328	0.208	0.32	0.219	0.217	0.311	0.305	0.26	0.212	0.275	0.171	0.323	0.223	0.242	0.37	0.322	0.224	0.21	0.301	0.192	0.315	0.224	0.212	0.278	0.26	0.401	0.416	0.412	0.418	0.409	0.414	0.422	0.342	0.373	0.412	0.415	0.409	0.407	0.405	0.395	0.416	0.411	0.352	0.413	0.413	0.414	0.424	0.408	0.398	0.419	0.38	0.386
22.16	0.206	0.218	0.33	0.209	0.322	0.22	0.218	0.312	0.305	0.263	0.213	0.278	0.173	0.325	0.226	0.246	0.372	0.323	0.226	0.211	0.304	0.194	0.317	0.226	0.215	0.281	0.262	0.402	0.417	0.413	0.419	0.41	0.416	0.422	0.346	0.376	0.413	0.415	0.41	0.409	0.405	0.395	0.416	0.412	0.354	0.414	0.413	0.414	0.425	0.409	0.398	0.419	0.382	0.388
22.32	0.209	0.222	0.332	0.211	0.323	0.223	0.222	0.313	0.305	0.264	0.216	0.281	0.174	0.327	0.227	0.249	0.373	0.324	0.227	0.214	0.306	0.195	0.32	0.228	0.217	0.281	0.266	0.402	0.416	0.412	0.418	0.409	0.416	0.422	0.351	0.377	0.413	0.415	0.409	0.408	0.405	0.396	0.415	0.412	0.354	0.414	0.413	0.414	0.424	0.409	0.398	0.419	0.383	0.388
22.49	0.214	0.226	0.336	0.215	0.327	0.225	0.224	0.315	0.308	0.267	0.217	0.284	0.176	0.329	0.23	0.253	0.375	0.326	0.23	0.217	0.309	0.198	0.323	0.231	0.22	0.283	0.268	0.404	0.418	0.416	0.421	0.412	0.418	0.425	0.356	0.38	0.413	0.418	0.411	0.41	0.408	0.398	0.418	0.415	0.357	0.415	0.416	0.417	0.427	0.411	0.401	0.421	0.385	0.39
22.66	0.215	0.228	0.337	0.218	0.328	0.227	0.226	0.318	0.308	0.269	0.22	0.286	0.178	0.332	0.232	0.256	0.376	0.326	0.231	0.219	0.311	0.2	0.325	0.232	0.223	0.284	0.269	0.404	0.418	0.415	0.421	0.412	0.419	0.425	0.361	0.382	0.413	0.417	0.412	0.41	0.408	0.399	0.418	0.416	0.359	0.415	0.415	0.417	0.427	0.411	0.4	0.421	0.387	0.393
22.82	0.218	0.231	0.339	0.22	0.33	0.229	0.229	0.319	0.31	0.272	0.222	0.289	0.181	0.334	0.234	0.259	0.379	0.328	0.234	0.221	0.313	0.203	0.328	0.235	0.226	0.287	0.272	0.404	0.417	0.414	0.42	0.412	0.419	0.425	0.362	0.383	0.412	0.415	0.41	0.409	0.408	0.398	0.417	0.415	0.359	0.414	0.414	0.416	0.426	0.411	0.4	0.421	0.387	0.393
22.99	0.221	0.232	0.342	0.22	0.334	0.23	0.231	0.321	0.309	0.273	0.223	0.291	0.181	0.337	0.235	0.261	0.38	0.328	0.236	0.221	0.316	0.203	0.331	0.236	0.228	0.288	0.273	0.404	0.418	0.415	0.421	0.413	0.42	0.426	0.364	0.384	0.414	0.416	0.412	0.409	0.408	0.399	0.42	0.416	0.36	0.415	0.416	0.417	0.427	0.411	0.401	0.421	0.388	0.394
23.16	0.223	0.235	0.345	0.224	0.335	0.233	0.234	0.324	0.313	0.275	0.226	0.294	0.184	0.34	0.237	0.265	0.383	0.331	0.237	0.223	0.319	0.206	0.333	0.239	0.231	0.292	0.277	0.405	0.418	0.415	0.42	0.413	0.42	0.426	0.366	0.385	0.414	0.417	0.411	0.409	0.41	0.399	0.419	0.417	0.361	0.415	0.416	0.416	0.426	0.41	0.401	0.42	0.389	0.395
23.32	0.223	0.235	0.345	0.225	0.336	0.234	0.235	0.325	0.311	0.275	0.227	0.296	0.185	0.341	0.237	0.267	0.384	0.331	0.237	0.224	0.321	0.207	0.335	0.24	0.233	0.292	0.277	0.405	0.417	0.414	0.419	0.411	0.419	0.425	0.368	0.386	0.414	0.416	0.411	0.408	0.407	0.399	0.417	0.417	0.361	0.415	0.415	0.415	0.426	0.411	0.4	0.419	0.389	0.395
23.49	0.224	0.236	0.347	0.226	0.34	0.233	0.233	0.326	0.311	0.275	0.227	0.299	0.184	0.344	0.237	0.267	0.385	0.332	0.238	0.224	0.324	0.206	0.337	0.24	0.234	0.293	0.28	0.406	0.418	0.415	0.42	0.412	0.42	0.426	0.371	0.388	0.415	0.416	0.412	0.408	0.409	0.4	0.419	0.418	0.362	0.416	0.416	0.416	0.427	0.412	0.401	0.419	0.39	0.396
23.66	0.225	0.237	0.347	0.229	0.34	0.237	0.236	0.327	0.312	0.278	0.229	0.3	0.188	0.344	0.241	0.269	0.386	0.333	0.24	0.226	0.325	0.21	0.338	0.243	0.237	0.296	0.28	0.405	0.417	0.413	0.419	0.41	0.418	0.424	0.372	0.388	0.413	0.415	0.412	0.407	0.408	0.399	0.416	0.417	0.363	0.415	0.415	0.414	0.425	0.41	0.4	0.418	0.39	0.395
23.82	0.227	0.237	0.349	0.229	0.345	0.237	0.237	0.329	0.314	0.277	0.231	0.302	0.189	0.348	0.24	0.27	0.389	0.335	0.242	0.228	0.328	0.212	0.34	0.243	0.238	0.298	0.283	0.407	0.418	0.416	0.421	0.412	0.421	0.427	0.375	0.391	0.415	0.416	0.415	0.408	0.41	0.402	0.419	0.42	0.366	0.417	0.417	0.417	0.428	0.413	0.402	0.419	0.393	0.399
23.99	0.228	0.238	0.348	0.232	0.345	0.239	0.24	0.329	0.315	0.278	0.234	0.302	0.191	0.347	0.243	0.273	0.389	0.336	0.244	0.23	0.329	0.214	0.342	0.246	0.241	0.3	0.285	0.405	0.415	0.413	0.418	0.41	0.419	0.425	0.374	0.391	0.413	0.413	0.412	0.406	0.406	0.399	0.416	0.418	0.364	0.414	0.415	0.414	0.424	0.41	0.4	0.417	0.391	0.398
24.16	0.232	0.243	0.351	0.234	0.348	0.24	0.242	0.332	0.317	0.281	0.237	0.306	0.193	0.352	0.245	0.273	0.392	0.338	0.247	0.232	0.332	0.217	0.344	0.248	0.243	0.303	0.288	0.407	0.418	0.417	0.422	0.414	0.422	0.428	0.378	0.395	0.418	0.417	0.415	0.409	0.409	0.403	0.42	0.422	0.369	0.419	0.419	0.418	0.428	0.414	0.404	0.42	0.395	0.401
24.32	0.234	0.242	0.354	0.236	0.35	0.242	0.243	0.333	0.319	0.282	0.239	0.307	0.196	0.353	0.246	0.274	0.392	0.339	0.251	0.236	0.334	0.219	0.346	0.249	0.246	0.304	0.29	0.406	0.416	0.414	0.419	0.411	0.42	0.426	0.376	0.394	0.415	0.414	0.412	0.407	0.407	0.401	0.418	0.42	0.368	0.416	0.416	0.415	0.425	0.412	0.401	0.419	0.394	0.398
24.49	0.234	0.244	0.352	0.237	0.35	0.243	0.244	0.333	0.318	0.282	0.239	0.308	0.197	0.354	0.247	0.275	0.395	0.339	0.25	0.235	0.335	0.22	0.344	0.25	0.247	0.307	0.291	0.405	0.415	0.412	0.417	0.409	0.419	0.425	0.376	0.395	0.415	0.414	0.411	0.406	0.405	0.4	0.416	0.419	0.368	0.414	0.414	0.414	0.424	0.411	0.401	0.417	0.393	0.398
24.66	0.236	0.245	0.351	0.238	0.35	0.244	0.244	0.333	0.318	0.281	0.239	0.309	0.198	0.356	0.247	0.276	0.394	0.339	0.251	0.236	0.335	0.222	0.345	0.251	0.248	0.308	0.292	0.406	0.415	0.414	0.419	0.411	0.42	0.426	0.378	0.396	0.415	0.415	0.412	0.408	0.407	0.401	0.417	0.421	0.37	0.415	0.414	0.414	0.424	0.412	0.402	0.418	0.395	0.4
24.82	0.238	0.247	0.352	0.239	0.352	0.245	0.246	0.337	0.321	0.283	0.241	0.312	0.201	0.36	0.25	0.279	0.398	0.342	0.253	0.238	0.337	0.224	0.344	0.252	0.25	0.311	0.294	0.407	0.416	0.415	0.42	0.412	0.422	0.428	0.38	0.399	0.415	0.415	0.414	0.409	0.408	0.402	0.418	0.424	0.372	0.416	0.415	0.416	0.426	0.414	0.403	0.419	0.397	0.402
24.99	0.24	0.25	0.354	0.243	0.355	0.248	0.249	0.34	0.324	0.287	0.244	0.315	0.203	0.363	0.252	0.281	0.401	0.346	0.255	0.241	0.34	0.226	0.348	0.255	0.252	0.314	0.296	0.408	0.418	0.417	0.422	0.414	0.424	0.43	0.382	0.401	0.417	0.416	0.417	0.41	0.408	0.405	0.42	0.425	0.375	0.418	0.418	0.417	0.427	0.415	0.405	0.421	0.398	0.403
25.16	0.243	0.251	0.356	0.243	0.36	0.246	0.247	0.342	0.324	0.286	0.245	0.318	0.205	0.366	0.25	0.281	0.402	0.346	0.257	0.242	0.343	0.227	0.35	0.255	0.251	0.316	0.297	0.41	0.419	0.419	0.424	0.416	0.425	0.431	0.383	0.403	0.418	0.417	0.417	0.412	0.411	0.405	0.422	0.426	0.377	0.419	0.419	0.419	0.429	0.417	0.407	0.422	0.399	0.404
25.32	0.243	0.25	0.355	0.243	0.358	0.249	0.249	0.341	0.326	0.288	0.244	0.318	0.206	0.365	0.254	0.281	0.403	0.347	0.257	0.243	0.343	0.228	0.35	0.256	0.253	0.318	0.299	0.408	0.417	0.416	0.421	0.413	0.422	0.428	0.382	0.402	0.416	0.415	0.415	0.41	0.409	0.404	0.419	0.424	0.376	0.417	0.418	0.416	0.426	0.415	0.404	0.421	0.398	0.402
25.49	0.245	0.252	0.357	0.245	0.361	0.248	0.25	0.344	0.328	0.288	0.245	0.321	0.209	0.369	0.253	0.283	0.406	0.348	0.259	0.245	0.345	0.23	0.351	0.257	0.254	0.321	0.3	0.41	0.419	0.416	0.421	0.413	0.422	0.429	0.383	0.403	0.417	0.417	0.416	0.41	0.407	0.404	0.419	0.425	0.377	0.418	0.417	0.416	0.427	0.415	0.405	0.421	0.398	0.404
25.66	0.248	0.255	0.36	0.247	0.363	0.251	0.252	0.347	0.33	0.29	0.248	0.324	0.211	0.373	0.256	0.287	0.41	0.352	0.261	0.248	0.346	0.232	0.355	0.259	0.257	0.325	0.303	0.41	0.419	0.418	0.423	0.414	0.424	0.431	0.385	0.405	0.418	0.416	0.417	0.412	0.409	0.406	0.421	0.427	0.38	0.419	0.418	0.418	0.428	0.416	0.407	0.423	0.401	0.406
25.82	0.249	0.257	0.357	0.25	0.36	0.254	0.254	0.347	0.329	0.292	0.249	0.324	0.214	0.373	0.26	0.289	0.41	0.352	0.262	0.248	0.345	0.234	0.352	0.262	0.259	0.325	0.304	0.411	0.42	0.419	0.424	0.415	0.425	0.432	0.388	0.406	0.418	0.419	0.418	0.414	0.41	0.407	0.422	0.429	0.382	0.42	0.42	0.42	0.43	0.418	0.407	0.424	0.402	0.407
25.99	0.251	0.258	0.359	0.251	0.362	0.256	0.257	0.348	0.331	0.293	0.25	0.326	0.216	0.373	0.26	0.289	0.409	0.353	0.264	0.25	0.347	0.236	0.354	0.263	0.26	0.326	0.305	0.41	0.42	0.419	0.423	0.415	0.425	0.432	0.387	0.407	0.418	0.417	0.418	0.413	0.41	0.407	0.422	0.428	0.382	0.419	0.42	0.419	0.429	0.417	0.407	0.424	0.401	0.407
26.16	0.252	0.259	0.362	0.253	0.366	0.255	0.256	0.351	0.333	0.294	0.253	0.33	0.218	0.377	0.261	0.29	0.412	0.355	0.265	0.251	0.35	0.236	0.358	0.264	0.261	0.328	0.306	0.413	0.421	0.422	0.426	0.418	0.428	0.435	0.39	0.409	0.421	0.419	0.42	0.416	0.411	0.409	0.424	0.43	0.385	0.421	0.422	0.422	0.432	0.42	0.41	0.426	0.405	0.409
26.32	0.254	0.263	0.363	0.255	0.366	0.258	0.258	0.352	0.332	0.299	0.254	0.331	0.22	0.379	0.264	0.292	0.413	0.355	0.268	0.252	0.351	0.238	0.359	0.266	0.262	0.328	0.308	0.414	0.423	0.424	0.428	0.419	0.429	0.436	0.392	0.41	0.422	0.422	0.422	0.416	0.413	0.411	0.425	0.432	0.387	0.423	0.424	0.424	0.433	0.421	0.411	0.428	0.406	0.41
26.49	0.256	0.264	0.364	0.258	0.365	0.262	0.262	0.353	0.334	0.302	0.258	0.333	0.224	0.378	0.268	0.295	0.414	0.358	0.272	0.255	0.352	0.241	0.362	0.27	0.265	0.331	0.309	0.409	0.417	0.417	0.422	0.413	0.423	0.431	0.387	0.406	0.417	0.418	0.417	0.412	0.408	0.405	0.42	0.425	0.383	0.418	0.418	0.419	0.428	0.416	0.406	0.423	0.4	0.405
26.66	0.257	0.264	0.363	0.257	0.367	0.26	0.259	0.352	0.332	0.303	0.257	0.335	0.224	0.377	0.266	0.294	0.411	0.355	0.273	0.256	0.353	0.241	0.363	0.269	0.264	0.33	0.31	0.408	0.417	0.416	0.421	0.412	0.422	0.431	0.387	0.407	0.418	0.416	0.415	0.411	0.407	0.405	0.42	0.425	0.383	0.418	0.418	0.418	0.426	0.415	0.406	0.422	0.4	0.405
26.82	0.26	0.267	0.368	0.26	0.369	0.265	0.264	0.355	0.335	0.305	0.261	0.336	0.228	0.378	0.27	0.296	0.411	0.357	0.276	0.259	0.355	0.245	0.365	0.272	0.268	0.333	0.31	0.407	0.416	0.415	0.421	0.411	0.422	0.431	0.387	0.408	0.417	0.417	0.414	0.411	0.407	0.404	0.42	0.424	0.384	0.417	0.416	0.417	0.425	0.414	0.406	0.422	0.4	0.405
26.99	0.261	0.268	0.37	0.261	0.369	0.264	0.265	0.355	0.335	0.305	0.261	0.338	0.229	0.38	0.27	0.297	0.412	0.357	0.277	0.26	0.357	0.245	0.365	0.272	0.269	0.334	0.312	0.408	0.417	0.415	0.421	0.411	0.423	0.431	0.388	0.41	0.417	0.416	0.414	0.41	0.408	0.404	0.42	0.425	0.385	0.417	0.416	0.416	0.424	0.414	0.406	0.423	0.401	0.405
27.16	0.263	0.27	0.375	0.263	0.377	0.264	0.265	0.361	0.338	0.307	0.263	0.345	0.231	0.388	0.27	0.299	0.418	0.36	0.277	0.261	0.362	0.246	0.369	0.273	0.269	0.337	0.314	0.418	0.424	0.423	0.428	0.42	0.431	0.439	0.397	0.418	0.424	0.422	0.422	0.419	0.415	0.412	0.428	0.435	0.393	0.423	0.424	0.425	0.433	0.422	0.413	0.43	0.409	0.414
27.32	0.265	0.272	0.376	0.265	0.377	0.267	0.268	0.362	0.338	0.309	0.264	0.347	0.234	0.388	0.272	0.302	0.42	0.362	0.279	0.262	0.363	0.249	0.37	0.276	0.272	0.339	0.316	0.42	0.427	0.426	0.431	0.422	0.432	0.441	0.4	0.42	0.426	0.424	0.424	0.42	0.417	0.414	0.429	0.438	0.395	0.426	0.426	0.428	0.435	0.424	0.415	0.431	0.411	0.416
27.49	0.266	0.275	0.38	0.267	0.379	0.269	0.27	0.364	0.341	0.312	0.266	0.349	0.235	0.391	0.274	0.304	0.42	0.364	0.282	0.264	0.365	0.252	0.373	0.277	0.275	0.34	0.32	0.42	0.427	0.426	0.431	0.422	0.433	0.442	0.401	0.422	0.426	0.425	0.425	0.42	0.416	0.415	0.429	0.437	0.396	0.427	0.427	0.427	0.436	0.424	0.415	0.432	0.411	0.416
27.66	0.268	0.276	0.383	0.269	0.383	0.27	0.271	0.367	0.342	0.314	0.268	0.354	0.237	0.393	0.275	0.305	0.421	0.366	0.283	0.267	0.368	0.251	0.377	0.279	0.275	0.342	0.319	0.421	0.428	0.427	0.433	0.423	0.434	0.443	0.402	0.423	0.427	0.427	0.427	0.421	0.418	0.417	0.43	0.438	0.397	0.428	0.429	0.428	0.438	0.426	0.416	0.433	0.412	0.417
27.82	0.269	0.276	0.385	0.269	0.383	0.272	0.272	0.366	0.341	0.316	0.269	0.354	0.238	0.393	0.277	0.305	0.42	0.366	0.285	0.267	0.369	0.253	0.378	0.28	0.276	0.343	0.319	0.421	0.428	0.427	0.432	0.423	0.434	0.443	0.402	0.423	0.427	0.428	0.426	0.421	0.417	0.416	0.43	0.437	0.397	0.429	0.429	0.427	0.438	0.425	0.416	0.433	0.412	0.417
27.99	0.271	0.278	0.387	0.271	0.387	0.269	0.27	0.367	0.341	0.314	0.27	0.359	0.238	0.396	0.276	0.305	0.421	0.367	0.286	0.268	0.372	0.253	0.379	0.279	0.276	0.344	0.321	0.424	0.43	0.429	0.434	0.424	0.437	0.446	0.404	0.425	0.429	0.428	0.427	0.423	0.419	0.418	0.433	0.438	0.4	0.43	0.431	0.43	0.439	0.428	0.418	0.435	0.413	0.419
28.16	0.271	0.279	0.386	0.272	0.382	0.273	0.273	0.365	0.34	0.316	0.27	0.355	0.24	0.391	0.278	0.305	0.42	0.367	0.286	0.269	0.369	0.256	0.377	0.282	0.278	0.343	0.319	0.421	0.428	0.427	0.433	0.423	0.435	0.444	0.403	0.424	0.427	0.427	0.426	0.421	0.418	0.417	0.43	0.437	0.399	0.428	0.429	0.429	0.438	0.426	0.416	0.434	0.412	0.418
28.32	0.275	0.281	0.39	0.274	0.387	0.273	0.274	0.368	0.344	0.315	0.273	0.36	0.241	0.396	0.28	0.308	0.42	0.369	0.288	0.272	0.373	0.257	0.38	0.282	0.279	0.347	0.322	0.422	0.429	0.428	0.433	0.424	0.437	0.446	0.404	0.426	0.428	0.429	0.426	0.421	0.42	0.418	0.432	0.438	0.4	0.43	0.43	0.43	0.439	0.427	0.418	0.435	0.413	0.418
28.49	0.276	0.282	0.391	0.275	0.388	0.274	0.275	0.368	0.344	0.313	0.273	0.36	0.242	0.396	0.28	0.308	0.42	0.37	0.289	0.273	0.374	0.258	0.379	0.282	0.28	0.347	0.323	0.422	0.429	0.429	0.434	0.424	0.437	0.446	0.404	0.427	0.429	0.429	0.427	0.421	0.42	0.419	0.432	0.439	0.401	0.429	0.43	0.429	0.439	0.428	0.419	0.435	0.413	0.419
28.66	0.277	0.284	0.392	0.277	0.388	0.276	0.277	0.372	0.345	0.313	0.275	0.362	0.246	0.397	0.282	0.31	0.422	0.372	0.29	0.274	0.374	0.26	0.38	0.285	0.282	0.348	0.326	0.425	0.431	0.431	0.436	0.427	0.44	0.449	0.406	0.428	0.431	0.43	0.429	0.424	0.422	0.421	0.434	0.44	0.404	0.431	0.433	0.432	0.441	0.43	0.42	0.437	0.415	0.421
28.82	0.277	0.283	0.389	0.278	0.385	0.276	0.276	0.369	0.343	0.313	0.275	0.359	0.244	0.393	0.282	0.309	0.419	0.37	0.289	0.275	0.372	0.26	0.377	0.284	0.282	0.346	0.322	0.423	0.43	0.429	0.434	0.425	0.437	0.447	0.404	0.427	0.428	0.429	0.427	0.423	0.421	0.419	0.432	0.438	0.402	0.429	0.431	0.43	0.439	0.429	0.419	0.435	0.413	0.419
28.99	0.279	0.286	0.393	0.28	0.388	0.279	0.278	0.371	0.344	0.318	0.277	0.363	0.248	0.396	0.285	0.312	0.421	0.371	0.294	0.276	0.374	0.263	0.38	0.288	0.283	0.347	0.322	0.426	0.433	0.433	0.438	0.429	0.442	0.451	0.407	0.432	0.431	0.432	0.431	0.427	0.424	0.423	0.436	0.441	0.407	0.433	0.435	0.434	0.444	0.433	0.423	0.439	0.417	0.423
29.16	0.281	0.288	0.397	0.281	0.393	0.281	0.28	0.376	0.346	0.32	0.279	0.368	0.249	0.399	0.288	0.314	0.424	0.373	0.298	0.278	0.38	0.265	0.386	0.289	0.286	0.349	0.327	0.425	0.434	0.434	0.438	0.43	0.444	0.452	0.409	0.434	0.433	0.434	0.432	0.428	0.425	0.423	0.437	0.441	0.409	0.434	0.436	0.435	0.446	0.434	0.424	0.439	0.417	0.424
29.32	0.28	0.287	0.397	0.281	0.393	0.28	0.277	0.373	0.342	0.317	0.279	0.373	0.249	0.4	0.286	0.312	0.423	0.37	0.295	0.278	0.382	0.264	0.387	0.288	0.284	0.348	0.324	0.426	0.434	0.434	0.439	0.43	0.444	0.452	0.409	0.435	0.433	0.435	0.432	0.428	0.425	0.424	0.438	0.442	0.408	0.435	0.436	0.434	0.445	0.435	0.425	0.44	0.417	0.424
29.49	0.282	0.288	0.398	0.282	0.393	0.281	0.278	0.372	0.342	0.318	0.28	0.373	0.252	0.401	0.287	0.311	0.422	0.37	0.297	0.279	0.383	0.266	0.387	0.289	0.285	0.349	0.325	0.427	0.436	0.436	0.44	0.431	0.445	0.454	0.41	0.436	0.435	0.435	0.434	0.429	0.426	0.426	0.439	0.443	0.41	0.437	0.438	0.436	0.447	0.436	0.426	0.441	0.418	0.425
29.66	0.283	0.289	0.397	0.284	0.393	0.282	0.278	0.372	0.342	0.316	0.281	0.375	0.253	0.401	0.288	0.311	0.421	0.37	0.297	0.28	0.384	0.267	0.386	0.289	0.285	0.349	0.327	0.428	0.437	0.437	0.442	0.432	0.447	0.456	0.411	0.437	0.436	0.437	0.435	0.43	0.428	0.427	0.44	0.445	0.411	0.438	0.439	0.438	0.448	0.438	0.428	0.442	0.419	0.427
29.82	0.284	0.292	0.4	0.287	0.393	0.285	0.282	0.372	0.344	0.321	0.283	0.374	0.256	0.399	0.291	0.314	0.421	0.371	0.3	0.283	0.383	0.27	0.387	0.293	0.289	0.351	0.327	0.425	0.434	0.434	0.439	0.429	0.444	0.453	0.408	0.435	0.433	0.435	0.433	0.428	0.426	0.424	0.437	0.442	0.409	0.435	0.437	0.436	0.446	0.436	0.426	0.442	0.417	0.425
29.99	0.287	0.294	0.402	0.288	0.396	0.285	0.282	0.375	0.347	0.321	0.286	0.379	0.257	0.403	0.293	0.315	0.423	0.372	0.302	0.284	0.386	0.271	0.387	0.293	0.288	0.354	0.329	0.428	0.437	0.437	0.441	0.432	0.448	0.456	0.41	0.438	0.436	0.436	0.435	0.431	0.428	0.427	0.441	0.445	0.412	0.438	0.439	0.437	0.448	0.438	0.429	0.443	0.419	0.428
30.16	0.289	0.294	0.401	0.289	0.396	0.286	0.284	0.376	0.347	0.322	0.286	0.378	0.257	0.404	0.293	0.316	0.422	0.373	0.302	0.285	0.386	0.272	0.386	0.294	0.29	0.354	0.329	0.429	0.438	0.438	0.443	0.433	0.448	0.457	0.411	0.44	0.438	0.438	0.437	0.432	0.429	0.428	0.443	0.446	0.413	0.438	0.441	0.439	0.449	0.439	0.429	0.444	0.42	0.429
30.32	0.29	0.295	0.403	0.29	0.397	0.287	0.284	0.378	0.347	0.321	0.287	0.378	0.26	0.405	0.294	0.316	0.423	0.373	0.303	0.286	0.385	0.274	0.385	0.294	0.29	0.355	0.329	0.429	0.438	0.438	0.443	0.434	0.45	0.458	0.412	0.44	0.438	0.439	0.437	0.432	0.43	0.429	0.442	0.446	0.414	0.439	0.442	0.44	0.451	0.441	0.43	0.445	0.42	0.429
30.49	0.291	0.296	0.4	0.29	0.393	0.288	0.284	0.376	0.345	0.326	0.287	0.375	0.258	0.402	0.296	0.316	0.421	0.372	0.302	0.287	0.382	0.274	0.383	0.295	0.29	0.354	0.327	0.428	0.437	0.439	0.442	0.432	0.448	0.458	0.411	0.44	0.437	0.437	0.436	0.431	0.43	0.428	0.441	0.445	0.413	0.438	0.44	0.439	0.45	0.439	0.429	0.445	0.42	0.428
30.66	0.293	0.298	0.399	0.291	0.394	0.289	0.284	0.379	0.346	0.326	0.288	0.376	0.26	0.404	0.296	0.317	0.423	0.374	0.304	0.288	0.382	0.275	0.384	0.296	0.29	0.356	0.328	0.428	0.438	0.437	0.442	0.433	0.449	0.459	0.411	0.441	0.437	0.438	0.437	0.432	0.431	0.429	0.443	0.445	0.414	0.438	0.44	0.439	0.45	0.44	0.43	0.445	0.42	0.429
30.82	0.293	0.299	0.396	0.293	0.393	0.29	0.286	0.38	0.347	0.33	0.29	0.373	0.263	0.401	0.297	0.318	0.422	0.373	0.305	0.29	0.38	0.277	0.383	0.298	0.292	0.354	0.328	0.426	0.436	0.435	0.441	0.431	0.448	0.457	0.409	0.439	0.434	0.435	0.435	0.431	0.429	0.427	0.44	0.443	0.413	0.435	0.438	0.437	0.448	0.437	0.428	0.445	0.418	0.427
30.99	0.294	0.3	0.398	0.295	0.395	0.292	0.287	0.382	0.348	0.335	0.292	0.377	0.265	0.402	0.299	0.32	0.423	0.372	0.307	0.291	0.383	0.279	0.387	0.299	0.293	0.355	0.331	0.428	0.439	0.439	0.444	0.434	0.451	0.459	0.412	0.443	0.437	0.439	0.438	0.433	0.431	0.429	0.443	0.446	0.416	0.439	0.441	0.44	0.451	0.44	0.431	0.446	0.421	0.43
31.16	0.296	0.302	0.402	0.296	0.397	0.293	0.288	0.382	0.348	0.337	0.294	0.38	0.265	0.404	0.3	0.319	0.423	0.373	0.308	0.293	0.386	0.28	0.388	0.3	0.293	0.356	0.33	0.429	0.439	0.438	0.443	0.434	0.452	0.46	0.413	0.444	0.438	0.439	0.438	0.433	0.431	0.43	0.445	0.447	0.416	0.439	0.442	0.44	0.452	0.441	0.431	0.448	0.423	0.431
31.32	0.297	0.303	0.402	0.297	0.397	0.294	0.29	0.383	0.348	0.34	0.294	0.38	0.267	0.404	0.301	0.322	0.421	0.373	0.308	0.294	0.386	0.282	0.388	0.301	0.295	0.356	0.331	0.43	0.44	0.437	0.443	0.434	0.451	0.46	0.413	0.444	0.438	0.439	0.438	0.433	0.431	0.43	0.445	0.447	0.417	0.439	0.441	0.441	0.451	0.44	0.432	0.447	0.424	0.432
31.49	0.3	0.305	0.406	0.299	0.4	0.295	0.291	0.385	0.349	0.341	0.296	0.386	0.269	0.409	0.303	0.321	0.423	0.374	0.31	0.296	0.391	0.282	0.389	0.303	0.295	0.358	0.334	0.433	0.442	0.441	0.445	0.437	0.455	0.464	0.417	0.448	0.441	0.442	0.441	0.436	0.434	0.434	0.448	0.45	0.42	0.442	0.445	0.444	0.455	0.444	0.435	0.45	0.426	0.435
31.66	0.3	0.305	0.401	0.299	0.398	0.296	0.291	0.384	0.347	0.343	0.296	0.381	0.268	0.407	0.304	0.32	0.422	0.372	0.309	0.296	0.386	0.282	0.388	0.303	0.295	0.356	0.332	0.43	0.44	0.439	0.444	0.434	0.453	0.461	0.415	0.446	0.439	0.44	0.438	0.434	0.432	0.431	0.446	0.448	0.418	0.439	0.442	0.441	0.453	0.442	0.433	0.447	0.426	0.434
31.82	0.302	0.307	0.402	0.301	0.4	0.298	0.293	0.387	0.35	0.348	0.299	0.384	0.272	0.407	0.305	0.322	0.422	0.374	0.311	0.298	0.387	0.285	0.391	0.305	0.297	0.357	0.334	0.43	0.44	0.439	0.445	0.435	0.454	0.462	0.415	0.447	0.439	0.441	0.438	0.435	0.433	0.432	0.446	0.45	0.419	0.44	0.443	0.442	0.453	0.441	0.433	0.449	0.426	0.435
31.99	0.301	0.307	0.401	0.302	0.4	0.299	0.293	0.386	0.348	0.35	0.299	0.384	0.273	0.408	0.307	0.322	0.421	0.373	0.312	0.299	0.386	0.285	0.391	0.306	0.296	0.356	0.332	0.431	0.441	0.44	0.445	0.435	0.455	0.462	0.416	0.448	0.44	0.441	0.439	0.435	0.433	0.433	0.447	0.451	0.42	0.441	0.443	0.443	0.454	0.443	0.434	0.45	0.427	0.436
32.16	0.303	0.309	0.404	0.304	0.4	0.3	0.294	0.386	0.348	0.353	0.301	0.387	0.274	0.408	0.307	0.322	0.422	0.373	0.313	0.301	0.389	0.287	0.393	0.308	0.297	0.356	0.332	0.433	0.443	0.441	0.447	0.437	0.456	0.464	0.418	0.45	0.441	0.443	0.44	0.437	0.435	0.435	0.448	0.452	0.422	0.442	0.445	0.445	0.455	0.444	0.436	0.451	0.429	0.438
32.32	0.304	0.31	0.405	0.305	0.401	0.301	0.296	0.385	0.349	0.358	0.302	0.389	0.275	0.407	0.309	0.323	0.421	0.372	0.315	0.302	0.39	0.288	0.392	0.309	0.297	0.356	0.331	0.433	0.443	0.441	0.446	0.437	0.457	0.464	0.419	0.451	0.441	0.443	0.44	0.437	0.435	0.435	0.449	0.452	0.423	0.442	0.445	0.444	0.455	0.444	0.436	0.453	0.429	0.438
32.49	0.305	0.311	0.403	0.307	0.401	0.302	0.296	0.386	0.348	0.361	0.303	0.387	0.275	0.409	0.31	0.322	0.422	0.372	0.316	0.303	0.39	0.289	0.393	0.309	0.298	0.357	0.33	0.433	0.443	0.441	0.447	0.437	0.458	0.465	0.419	0.452	0.441	0.443	0.441	0.437	0.435	0.436	0.449	0.453	0.423	0.443	0.445	0.445	0.455	0.445	0.437	0.452	0.431	0.44
32.66	0.306	0.312	0.405	0.31	0.4	0.303	0.298	0.385	0.349	0.366	0.305	0.386	0.277	0.406	0.311	0.324	0.419	0.371	0.317	0.305	0.39	0.29	0.393	0.312	0.3	0.356	0.331	0.432	0.443	0.441	0.446	0.436	0.457	0.465	0.419	0.451	0.441	0.443	0.44	0.437	0.434	0.435	0.448	0.453	0.423	0.443	0.445	0.444	0.455	0.444	0.437	0.451	0.431	0.439
32.82	0.307	0.314	0.407	0.309	0.402	0.305	0.3	0.387	0.351	0.369	0.306	0.39	0.279	0.409	0.313	0.326	0.42	0.374	0.319	0.306	0.392	0.292	0.394	0.313	0.301	0.358	0.332	0.433	0.444	0.442	0.446	0.438	0.458	0.466	0.421	0.453	0.442	0.443	0.441	0.438	0.435	0.436	0.45	0.456	0.424	0.443	0.445	0.445	0.455	0.445	0.437	0.451	0.431	0.44
32.99	0.308	0.315	0.408	0.31	0.402	0.306	0.3	0.387	0.35	0.373	0.307	0.392	0.281	0.41	0.314	0.325	0.421	0.373	0.321	0.308	0.392	0.293	0.394	0.314	0.302	0.358	0.333	0.434	0.445	0.444	0.448	0.439	0.46	0.468	0.423	0.455	0.443	0.444	0.442	0.439	0.437	0.437	0.451	0.457	0.425	0.446	0.447	0.446	0.457	0.447	0.439	0.454	0.434	0.442
33.16	0.308	0.316	0.409	0.313	0.401	0.308	0.301	0.385	0.35	0.377	0.309	0.391	0.282	0.409	0.315	0.326	0.419	0.37	0.323	0.31	0.392	0.294	0.394	0.316	0.303	0.356	0.332	0.435	0.445	0.444	0.449	0.44	0.46	0.468	0.423	0.455	0.444	0.445	0.443	0.439	0.437	0.438	0.451	0.458	0.426	0.446	0.448	0.447	0.457	0.447	0.44	0.454	0.435	0.443
33.32	0.309	0.318	0.412	0.313	0.403	0.309	0.303	0.386	0.351	0.38	0.31	0.396	0.284	0.412	0.316	0.327	0.42	0.371	0.325	0.311	0.396	0.296	0.395	0.317	0.305	0.358	0.334	0.438	0.449	0.447	0.452	0.442	0.464	0.471	0.426	0.459	0.447	0.449	0.446	0.443	0.44	0.441	0.454	0.462	0.429	0.449	0.451	0.451	0.46	0.45	0.443	0.456	0.437	0.446
33.49	0.311	0.32	0.413	0.315	0.403	0.31	0.304	0.387	0.352	0.383	0.313	0.395	0.283	0.411	0.317	0.328	0.419	0.37	0.327	0.313	0.396	0.297	0.396	0.318	0.306	0.357	0.335	0.439	0.45	0.447	0.452	0.443	0.465	0.472	0.427	0.46	0.448	0.45	0.447	0.443	0.441	0.442	0.456	0.463	0.43	0.45	0.451	0.451	0.462	0.451	0.444	0.457	0.437	0.447
33.66	0.313	0.321	0.413	0.316	0.403	0.311	0.305	0.387	0.351	0.388	0.314	0.394	0.285	0.413	0.319	0.328	0.419	0.369	0.33	0.315	0.395	0.298	0.395	0.319	0.307	0.358	0.336	0.44	0.45	0.448	0.453	0.443	0.465	0.472	0.427	0.46	0.448	0.45	0.447	0.444	0.441	0.442	0.456	0.463	0.43	0.45	0.452	0.452	0.462	0.451	0.444	0.458	0.438	0.447
33.82	0.316	0.325	0.413	0.317	0.405	0.312	0.307	0.388	0.352	0.393	0.317	0.397	0.286	0.414	0.32	0.33	0.42	0.371	0.334	0.317	0.398	0.299	0.397	0.32	0.309	0.359	0.339	0.437	0.447	0.445	0.45	0.441	0.463	0.47	0.425	0.458	0.445	0.448	0.444	0.441	0.439	0.441	0.453	0.461	0.428	0.448	0.449	0.449	0.46	0.449	0.442	0.455	0.437	0.445
33.99	0.316	0.327	0.413	0.319	0.411	0.314	0.308	0.388	0.353	0.397	0.319	0.397	0.287	0.415	0.322	0.331	0.419	0.372	0.337	0.32	0.397	0.301	0.399	0.321	0.31	0.359	0.341	0.438	0.449	0.445	0.451	0.442	0.463	0.471	0.427	0.46	0.446	0.448	0.445	0.442	0.439	0.441	0.454	0.462	0.428	0.449	0.449	0.449	0.46	0.45	0.442	0.457	0.438	0.446
34.16	0.317	0.327	0.412	0.32	0.407	0.315	0.309	0.389	0.353	0.399	0.319	0.398	0.289	0.416	0.323	0.333	0.419	0.371	0.337	0.32	0.396	0.302	0.399	0.323	0.311	0.359	0.341	0.442	0.452	0.45	0.455	0.445	0.467	0.475	0.43	0.463	0.45	0.453	0.449	0.446	0.443	0.445	0.458	0.466	0.432	0.453	0.455	0.454	0.465	0.454	0.447	0.46	0.441	0.45
34.32	0.318	0.329	0.413	0.321	0.405	0.316	0.31	0.387	0.352	0.401	0.322	0.397	0.289	0.417	0.324	0.332	0.418	0.369	0.339	0.322	0.397	0.303	0.4	0.324	0.312	0.359	0.341	0.44	0.45	0.447	0.453	0.444	0.465	0.474	0.429	0.462	0.449	0.45	0.447	0.445	0.442	0.444	0.455	0.465	0.43	0.451	0.452	0.453	0.463	0.452	0.445	0.459	0.44	0.448
34.49	0.32	0.331	0.413	0.323	0.412	0.317	0.312	0.389	0.353	0.402	0.324	0.4	0.291	0.417	0.325	0.334	0.418	0.37	0.34	0.323	0.399	0.304	0.401	0.325	0.314	0.359	0.342	0.443	0.452	0.449	0.455	0.446	0.467	0.475	0.432	0.464	0.451	0.453	0.449	0.447	0.443	0.446	0.458	0.467	0.432	0.454	0.454	0.455	0.465	0.454	0.448	0.461	0.443	0.451
34.66	0.322	0.333	0.412	0.325	0.407	0.318	0.313	0.388	0.354	0.409	0.327	0.398	0.293	0.418	0.326	0.335	0.418	0.369	0.344	0.326	0.397	0.305	0.402	0.326	0.315	0.359	0.342	0.44	0.45	0.447	0.452	0.443	0.465	0.473	0.43	0.463	0.447	0.45	0.447	0.445	0.441	0.443	0.455	0.464	0.43	0.451	0.452	0.452	0.461	0.452	0.445	0.457	0.44	0.448
34.82	0.323	0.334	0.415	0.326	0.408	0.32	0.315	0.388	0.354	0.412	0.329	0.4	0.293	0.418	0.327	0.336	0.417	0.37	0.346	0.327	0.399	0.307	0.402	0.327	0.317	0.359	0.344	0.441	0.451	0.448	0.454	0.444	0.466	0.474	0.431	0.464	0.448	0.451	0.448	0.446	0.442	0.445	0.457	0.466	0.431	0.452	0.453	0.454	0.462	0.453	0.446	0.459	0.443	0.45
34.99	0.324	0.336	0.414	0.329	0.407	0.321	0.315	0.387	0.354	0.414	0.331	0.399	0.295	0.419	0.328	0.336	0.416	0.369	0.347	0.329	0.398	0.309	0.403	0.328	0.317	0.359	0.345	0.441	0.45	0.448	0.452	0.444	0.466	0.474	0.431	0.464	0.447	0.45	0.447	0.445	0.442	0.444	0.456	0.465	0.431	0.452	0.452	0.453	0.462	0.452	0.446	0.459	0.442	0.449
35.16	0.324	0.337	0.414	0.328	0.409	0.322	0.317	0.389	0.355	0.415	0.334	0.402	0.296	0.421	0.329	0.338	0.417	0.37	0.348	0.329	0.4	0.31	0.404	0.329	0.319	0.36	0.346	0.443	0.453	0.449	0.454	0.445	0.468	0.476	0.433	0.466	0.45	0.452	0.449	0.446	0.444	0.446	0.458	0.467	0.433	0.454	0.454	0.455	0.464	0.454	0.448	0.46	0.444	0.451
35.32	0.327	0.338	0.416	0.329	0.41	0.323	0.318	0.387	0.355	0.417	0.335	0.402	0.297	0.421	0.33	0.34	0.417	0.37	0.351	0.331	0.401	0.31	0.404	0.331	0.32	0.361	0.346	0.445	0.454	0.451	0.457	0.447	0.47	0.478	0.435	0.469	0.452	0.454	0.451	0.449	0.446	0.448	0.46	0.469	0.435	0.457	0.456	0.457	0.466	0.456	0.451	0.463	0.446	0.453
35.49	0.328	0.341	0.417	0.331	0.41	0.324	0.32	0.387	0.356	0.423	0.338	0.401	0.298	0.42	0.332	0.34	0.415	0.369	0.357	0.334	0.4	0.312	0.405	0.332	0.322	0.361	0.347	0.443	0.453	0.449	0.455	0.446	0.468	0.476	0.433	0.466	0.45	0.452	0.449	0.448	0.444	0.447	0.458	0.467	0.433	0.454	0.454	0.454	0.463	0.454	0.449	0.461	0.444	0.45
35.66	0.33	0.342	0.419	0.333	0.41	0.326	0.321	0.388	0.357	0.427	0.342	0.402	0.3	0.422	0.334	0.342	0.415	0.37	0.359	0.336	0.401	0.314	0.406	0.333	0.323	0.362	0.349	0.445	0.454	0.45	0.456	0.447	0.47	0.478	0.435	0.469	0.452	0.453	0.45	0.449	0.445	0.448	0.46	0.469	0.435	0.456	0.456	0.456	0.466	0.456	0.45	0.463	0.446	0.452
35.82	0.331	0.343	0.418	0.335	0.413	0.326	0.322	0.387	0.357	0.43	0.344	0.401	0.3	0.422	0.335	0.342	0.413	0.369	0.361	0.339	0.401	0.314	0.405	0.334	0.324	0.363	0.349	0.446	0.454	0.451	0.457	0.448	0.471	0.478	0.436	0.469	0.452	0.453	0.451	0.449	0.446	0.449	0.46	0.47	0.435	0.457	0.456	0.457	0.465	0.457	0.451	0.462	0.447	0.453
35.99	0.333	0.345	0.419	0.336	0.412	0.328	0.323	0.387	0.357	0.433	0.346	0.402	0.302	0.421	0.336	0.344	0.411	0.368	0.364	0.34	0.401	0.316	0.405	0.336	0.325	0.363	0.35	0.445	0.453	0.45	0.455	0.446	0.47	0.477	0.435	0.468	0.45	0.452	0.45	0.448	0.445	0.448	0.459	0.469	0.435	0.455	0.455	0.456	0.465	0.456	0.451	0.462	0.445	0.452
36.16	0.334	0.345	0.418	0.336	0.415	0.328	0.324	0.385	0.357	0.434	0.348	0.408	0.302	0.426	0.336	0.343	0.413	0.367	0.364	0.34	0.404	0.316	0.41	0.336	0.326	0.363	0.35	0.447	0.455	0.451	0.457	0.448	0.472	0.479	0.437	0.47	0.452	0.454	0.451	0.451	0.447	0.45	0.462	0.471	0.437	0.457	0.457	0.459	0.467	0.457	0.453	0.464	0.447	0.455
36.32	0.336	0.348	0.418	0.339	0.413	0.33	0.325	0.385	0.358	0.435	0.351	0.406	0.304	0.426	0.338	0.345	0.411	0.366	0.367	0.343	0.404	0.318	0.411	0.338	0.327	0.363	0.351	0.446	0.455	0.451	0.457	0.448	0.472	0.48	0.437	0.47	0.452	0.454	0.451	0.45	0.447	0.451	0.461	0.47	0.437	0.457	0.457	0.458	0.467	0.458	0.453	0.465	0.447	0.454
36.49	0.337	0.348	0.418	0.339	0.416	0.33	0.326	0.384	0.358	0.438	0.352	0.41	0.305	0.428	0.34	0.345	0.411	0.366	0.368	0.343	0.406	0.319	0.414	0.339	0.329	0.363	0.352	0.447	0.455	0.451	0.457	0.449	0.472	0.48	0.438	0.472	0.452	0.455	0.451	0.451	0.447	0.451	0.462	0.47	0.437	0.458	0.457	0.459	0.468	0.459	0.454	0.464	0.447	0.455
36.66	0.337	0.348	0.416	0.339	0.416	0.331	0.327	0.384	0.358	0.44	0.354	0.409	0.306	0.427	0.34	0.346	0.409	0.366	0.369	0.344	0.406	0.32	0.412	0.339	0.329	0.364	0.352	0.448	0.456	0.452	0.458	0.45	0.473	0.481	0.439	0.472	0.454	0.456	0.453	0.452	0.447	0.451	0.462	0.471	0.438	0.458	0.458	0.459	0.469	0.459	0.455	0.465	0.449	0.456
36.82	0.339	0.35	0.418	0.341	0.418	0.333	0.328	0.384	0.358	0.443	0.356	0.411	0.309	0.428	0.34	0.347	0.41	0.367	0.37	0.345	0.407	0.321	0.412	0.34	0.331	0.365	0.353	0.449	0.457	0.452	0.458	0.45	0.474	0.481	0.44	0.473	0.454	0.456	0.453	0.451	0.449	0.452	0.463	0.472	0.439	0.459	0.458	0.459	0.469	0.46	0.455	0.465	0.449	0.458
36.99	0.341	0.35	0.417	0.341	0.42	0.333	0.329	0.382	0.358	0.448	0.36	0.414	0.309	0.426	0.341	0.347	0.408	0.365	0.373	0.346	0.409	0.321	0.415	0.341	0.331	0.364	0.353	0.449	0.455	0.452	0.46	0.45	0.474	0.481	0.44	0.474	0.454	0.455	0.453	0.452	0.449	0.452	0.463	0.472	0.439	0.458	0.458	0.458	0.469	0.459	0.455	0.466	0.45	0.458
37.16	0.343	0.352	0.414	0.343	0.419	0.335	0.33	0.383	0.36	0.452	0.362	0.413	0.311	0.427	0.343	0.351	0.407	0.367	0.375	0.348	0.41	0.323	0.415	0.342	0.333	0.365	0.354	0.446	0.454	0.451	0.458	0.449	0.473	0.48	0.438	0.472	0.451	0.454	0.451	0.451	0.448	0.451	0.461	0.47	0.438	0.456	0.457	0.456	0.468	0.458	0.453	0.465	0.448	0.456
37.32	0.343	0.353	0.416	0.345	0.42	0.336	0.331	0.381	0.361	0.452	0.362	0.415	0.312	0.428	0.343	0.349	0.406	0.367	0.375	0.349	0.411	0.324	0.416	0.343	0.334	0.365	0.355	0.45	0.457	0.454	0.461	0.452	0.475	0.483	0.442	0.477	0.456	0.456	0.455	0.454	0.45	0.454	0.465	0.474	0.441	0.46	0.46	0.46	0.47	0.461	0.456	0.468	0.452	0.46
37.49	0.343	0.353	0.416	0.344	0.42	0.336	0.331	0.379	0.36	0.452	0.362	0.416	0.313	0.428	0.343	0.349	0.404	0.366	0.375	0.348	0.411	0.325	0.414	0.344	0.333	0.364	0.355	0.452	0.459	0.456	0.462	0.454	0.478	0.485	0.445	0.479	0.458	0.458	0.457	0.457	0.451	0.456	0.467	0.476	0.443	0.462	0.462	0.462	0.473	0.464	0.459	0.469	0.454	0.462
37.66	0.345	0.354	0.416	0.345	0.42	0.337	0.332	0.379	0.361	0.456	0.365	0.414	0.315	0.428	0.345	0.351	0.403	0.366	0.378	0.35	0.411	0.326	0.413	0.346	0.334	0.365	0.357	0.451	0.459	0.455	0.461	0.452	0.477	0.484	0.442	0.478	0.455	0.458	0.455	0.455	0.451	0.454	0.466	0.474	0.443	0.461	0.461	0.461	0.471	0.462	0.458	0.468	0.453	0.46
37.82	0.345	0.355	0.415	0.347	0.418	0.338	0.333	0.378	0.361	0.457	0.365	0.412	0.315	0.426	0.346	0.352	0.402	0.366	0.379	0.352	0.409	0.327	0.41	0.346	0.335	0.365	0.356	0.452	0.459	0.456	0.462	0.454	0.478	0.485	0.444	0.479	0.457	0.458	0.457	0.456	0.452	0.456	0.468	0.475	0.444	0.462	0.462	0.462	0.471	0.463	0.459	0.47	0.454	0.462
37.99	0.348	0.357	0.416	0.348	0.419	0.339	0.334	0.378	0.361	0.46	0.368	0.411	0.316	0.425	0.346	0.353	0.401	0.367	0.382	0.355	0.411	0.328	0.412	0.347	0.336	0.365	0.357	0.451	0.458	0.455	0.461	0.452	0.476	0.484	0.442	0.478	0.455	0.457	0.455	0.455	0.451	0.454	0.467	0.474	0.443	0.46	0.461	0.46	0.469	0.463	0.458	0.469	0.453	0.46
38.16	0.349	0.358	0.415	0.349	0.419	0.34	0.335	0.379	0.363	0.462	0.369	0.41	0.318	0.424	0.348	0.355	0.4	0.368	0.384	0.355	0.41	0.33	0.409	0.348	0.337	0.366	0.36	0.452	0.459	0.454	0.461	0.452	0.476	0.484	0.443	0.478	0.456	0.456	0.456	0.455	0.45	0.454	0.467	0.474	0.443	0.46	0.461	0.461	0.469	0.462	0.458	0.469	0.453	0.461
38.32	0.349	0.358	0.416	0.35	0.421	0.341	0.336	0.378	0.363	0.465	0.373	0.412	0.319	0.426	0.349	0.355	0.4	0.368	0.386	0.358	0.412	0.331	0.409	0.349	0.338	0.366	0.358	0.452	0.458	0.456	0.461	0.452	0.476	0.484	0.444	0.48	0.456	0.456	0.455	0.455	0.45	0.455	0.466	0.475	0.443	0.461	0.46	0.461	0.469	0.461	0.458	0.47	0.454	0.46
38.49	0.35	0.359	0.417	0.35	0.422	0.342	0.337	0.375	0.363	0.465	0.375	0.416	0.32	0.429	0.349	0.355	0.397	0.368	0.385	0.358	0.416	0.331	0.41	0.35	0.339	0.367	0.358	0.456	0.461	0.458	0.464	0.456	0.481	0.488	0.448	0.484	0.459	0.46	0.46	0.459	0.455	0.459	0.47	0.479	0.448	0.465	0.464	0.465	0.474	0.467	0.463	0.474	0.458	0.464
38.66	0.352	0.361	0.415	0.352	0.42	0.343	0.338	0.376	0.363	0.467	0.375	0.411	0.322	0.427	0.351	0.356	0.396	0.368	0.386	0.361	0.414	0.333	0.409	0.351	0.34	0.367	0.359	0.454	0.46	0.457	0.463	0.455	0.479	0.487	0.446	0.482	0.458	0.459	0.458	0.458	0.454	0.458	0.468	0.478	0.446	0.463	0.463	0.463	0.471	0.465	0.461	0.473	0.456	0.463
38.82	0.354	0.363	0.417	0.354	0.42	0.344	0.339	0.376	0.364	0.47	0.377	0.413	0.322	0.426	0.352	0.357	0.396	0.369	0.389	0.362	0.416	0.334	0.409	0.352	0.341	0.367	0.36	0.453	0.459	0.456	0.462	0.454	0.478	0.486	0.445	0.481	0.456	0.457	0.456	0.456	0.452	0.457	0.467	0.475	0.445	0.461	0.46	0.462	0.472	0.462	0.46	0.47	0.455	0.462
38.99	0.354	0.363	0.417	0.355	0.419	0.344	0.34	0.375	0.365	0.471	0.377	0.411	0.323	0.425	0.352	0.357	0.395	0.369	0.389	0.364	0.416	0.335	0.409	0.352	0.342	0.368	0.36	0.456	0.463	0.459	0.465	0.457	0.481	0.488	0.449	0.485	0.459	0.459	0.459	0.459	0.454	0.459	0.471	0.479	0.448	0.464	0.464	0.465	0.475	0.466	0.463	0.474	0.459	0.465
39.16	0.355	0.363	0.417	0.355	0.417	0.345	0.341	0.374	0.365	0.472	0.377	0.409	0.324	0.424	0.353	0.359	0.393	0.369	0.391	0.365	0.413	0.336	0.407	0.354	0.343	0.368	0.361	0.456	0.462	0.459	0.465	0.456	0.481	0.489	0.449	0.485	0.46	0.461	0.46	0.46	0.455	0.46	0.471	0.479	0.448	0.464	0.465	0.465	0.475	0.467	0.464	0.473	0.458	0.465
39.32	0.355	0.363	0.417	0.356	0.417	0.346	0.342	0.374	0.366	0.475	0.379	0.409	0.325	0.424	0.354	0.36	0.393	0.37	0.392	0.366	0.413	0.337	0.405	0.354	0.344	0.369	0.361	0.457	0.462	0.461	0.467	0.459	0.482	0.49	0.451	0.487	0.461	0.461	0.46	0.46	0.457	0.461	0.473	0.481	0.45	0.466	0.466	0.466	0.475	0.468	0.466	0.475	0.46	0.467
39.49	0.357	0.365	0.418	0.357	0.417	0.347	0.343	0.373	0.365	0.477	0.38	0.408	0.326	0.424	0.355	0.362	0.392	0.37	0.395	0.368	0.414	0.338	0.404	0.355	0.345	0.369	0.362	0.457	0.462	0.459	0.465	0.457	0.481	0.488	0.45	0.485	0.46	0.46	0.459	0.46	0.455	0.46	0.472	0.48	0.449	0.464	0.465	0.466	0.475	0.465	0.465	0.474	0.46	0.467
39.66	0.361	0.368	0.419	0.361	0.418	0.348	0.344	0.374	0.366	0.479	0.382	0.407	0.328	0.423	0.356	0.362	0.392	0.371	0.398	0.372	0.414	0.339	0.407	0.357	0.346	0.37	0.362	0.455	0.461	0.458	0.464	0.456	0.479	0.487	0.448	0.484	0.459	0.46	0.458	0.459	0.453	0.459	0.471	0.478	0.447	0.463	0.464	0.465	0.472	0.465	0.462	0.472	0.458	0.465
39.82	0.361	0.368	0.421	0.361	0.418	0.349	0.345	0.374	0.368	0.481	0.385	0.409	0.329	0.424	0.357	0.363	0.392	0.371	0.398	0.374	0.415	0.34	0.406	0.358	0.347	0.371	0.363	0.46	0.465	0.462	0.467	0.461	0.484	0.491	0.454	0.489	0.462	0.463	0.461	0.462	0.458	0.462	0.474	0.482	0.451	0.466	0.468	0.469	0.476	0.469	0.467	0.477	0.463	0.469
39.99	0.362	0.369	0.42	0.362	0.417	0.35	0.345	0.373	0.367	0.483	0.385	0.408	0.33	0.423	0.358	0.366	0.391	0.371	0.4	0.376	0.413	0.342	0.406	0.358	0.348	0.371	0.363	0.458	0.462	0.46	0.466	0.458	0.482	0.49	0.452	0.487	0.461	0.462	0.46	0.462	0.457	0.461	0.473	0.482	0.45	0.465	0.466	0.467	0.475	0.468	0.465	0.475	0.461	0.468
40.16	0.365	0.371	0.422	0.366	0.415	0.351	0.347	0.374	0.369	0.483	0.385	0.405	0.331	0.423	0.36	0.365	0.391	0.372	0.402	0.378	0.412	0.344	0.402	0.36	0.349	0.371	0.364	0.458	0.464	0.46	0.467	0.459	0.482	0.491	0.452	0.488	0.46	0.463	0.46	0.461	0.456	0.461	0.473	0.481	0.45	0.466	0.466	0.467	0.475	0.467	0.465	0.475	0.461	0.468
40.32	0.364	0.371	0.423	0.364	0.414	0.351	0.347	0.372	0.368	0.486	0.388	0.407	0.331	0.424	0.359	0.365	0.389	0.372	0.402	0.379	0.414	0.344	0.404	0.36	0.35	0.371	0.365	0.46	0.465	0.462	0.469	0.461	0.484	0.492	0.455	0.491	0.463	0.465	0.462	0.464	0.458	0.463	0.475	0.484	0.453	0.468	0.469	0.469	0.477	0.471	0.468	0.478	0.463	0.471
40.49	0.366	0.373	0.422	0.366	0.416	0.352	0.348	0.372	0.368	0.487	0.389	0.408	0.333	0.425	0.361	0.366	0.389	0.373	0.404	0.38	0.414	0.345	0.403	0.361	0.351	0.371	0.365	0.46	0.465	0.462	0.469	0.46	0.484	0.492	0.455	0.49	0.462	0.464	0.463	0.464	0.459	0.464	0.475	0.483	0.453	0.468	0.469	0.47	0.477	0.471	0.467	0.477	0.463	0.47
40.66	0.366	0.373	0.425	0.367	0.415	0.353	0.349	0.372	0.37	0.489	0.389	0.409	0.334	0.428	0.362	0.368	0.39	0.373	0.405	0.381	0.414	0.346	0.403	0.362	0.351	0.372	0.365	0.462	0.467	0.464	0.471	0.463	0.487	0.495	0.458	0.494	0.465	0.466	0.464	0.466	0.461	0.465	0.477	0.485	0.454	0.469	0.47	0.471	0.481	0.473	0.469	0.479	0.466	0.472
40.82	0.368	0.373	0.426	0.367	0.416	0.354	0.35	0.372	0.369	0.492	0.391	0.408	0.335	0.425	0.362	0.367	0.389	0.373	0.408	0.384	0.413	0.347	0.403	0.362	0.353	0.372	0.366	0.463	0.469	0.465	0.471	0.463	0.487	0.495	0.458	0.494	0.466	0.467	0.465	0.466	0.461	0.466	0.477	0.485	0.455	0.47	0.472	0.472	0.48	0.472	0.47	0.479	0.467	0.473
40.99	0.37	0.375	0.426	0.37	0.414	0.355	0.351	0.372	0.37	0.491	0.391	0.406	0.336	0.424	0.363	0.368	0.389	0.373	0.409	0.385	0.413	0.347	0.401	0.363	0.353	0.373	0.366	0.463	0.467	0.466	0.471	0.464	0.487	0.495	0.458	0.494	0.466	0.467	0.466	0.467	0.461	0.467	0.479	0.485	0.455	0.469	0.472	0.472	0.48	0.473	0.471	0.48	0.467	0.473
41.16	0.373	0.377	0.427	0.37	0.414	0.355	0.352	0.372	0.37	0.496	0.395	0.407	0.337	0.425	0.364	0.369	0.389	0.374	0.411	0.387	0.414	0.348	0.404	0.365	0.354	0.374	0.366	0.463	0.468	0.464	0.471	0.463	0.487	0.494	0.457	0.494	0.465	0.466	0.465	0.466	0.461	0.466	0.478	0.485	0.455	0.47	0.471	0.472	0.481	0.473	0.471	0.479	0.466	0.473
41.32	0.374	0.378	0.426	0.371	0.415	0.356	0.352	0.373	0.37	0.497	0.397	0.408	0.338	0.425	0.365	0.37	0.388	0.374	0.413	0.389	0.416	0.35	0.406	0.364	0.355	0.374	0.366	0.463	0.467	0.465	0.472	0.463	0.486	0.495	0.458	0.494	0.465	0.466	0.465	0.467	0.461	0.467	0.479	0.485	0.455	0.471	0.472	0.472	0.48	0.474	0.471	0.479	0.466	0.473
41.49	0.376	0.379	0.427	0.373	0.414	0.357	0.353	0.373	0.37	0.498	0.397	0.406	0.339	0.425	0.366	0.37	0.389	0.374	0.412	0.39	0.414	0.35	0.404	0.366	0.356	0.374	0.367	0.465	0.47	0.466	0.473	0.465	0.488	0.497	0.459	0.496	0.467	0.468	0.467	0.468	0.463	0.468	0.481	0.487	0.459	0.472	0.473	0.474	0.482	0.474	0.473	0.481	0.467	0.474
41.66	0.375	0.379	0.429	0.373	0.414	0.358	0.354	0.373	0.371	0.5	0.399	0.407	0.341	0.425	0.367	0.372	0.389	0.375	0.416	0.392	0.415	0.351	0.405	0.366	0.357	0.375	0.367	0.463	0.468	0.465	0.472	0.465	0.488	0.496	0.459	0.496	0.466	0.466	0.466	0.468	0.462	0.468	0.48	0.486	0.458	0.47	0.472	0.473	0.48	0.472	0.473	0.481	0.467	0.474
41.82	0.377	0.38	0.427	0.374	0.412	0.358	0.355	0.373	0.371	0.5	0.4	0.405	0.341	0.425	0.366	0.372	0.387	0.374	0.415	0.393	0.414	0.351	0.403	0.367	0.358	0.374	0.369	0.466	0.471	0.467	0.475	0.467	0.49	0.498	0.461	0.498	0.468	0.469	0.468	0.47	0.464	0.471	0.482	0.488	0.461	0.472	0.474	0.475	0.483	0.477	0.475	0.484	0.469	0.476
41.99	0.38	0.382	0.429	0.376	0.412	0.359	0.356	0.373	0.371	0.502	0.4	0.406	0.342	0.425	0.368	0.373	0.388	0.374	0.416	0.394	0.414	0.353	0.406	0.368	0.358	0.375	0.368	0.464	0.468	0.466	0.473	0.467	0.489	0.497	0.461	0.497	0.466	0.468	0.467	0.47	0.464	0.47	0.48	0.488	0.46	0.471	0.473	0.475	0.482	0.476	0.474	0.484	0.469	0.475
42.16	0.384	0.383	0.428	0.378	0.413	0.36	0.357	0.374	0.373	0.504	0.403	0.404	0.343	0.424	0.369	0.374	0.389	0.375	0.419	0.398	0.414	0.354	0.406	0.369	0.36	0.375	0.369	0.461	0.466	0.463	0.469	0.464	0.485	0.494	0.457	0.494	0.463	0.465	0.464	0.466	0.46	0.467	0.476	0.483	0.456	0.468	0.469	0.471	0.477	0.472	0.47	0.479	0.465	0.471
42.32	0.384	0.383	0.428	0.377	0.414	0.36	0.358	0.373	0.373	0.506	0.406	0.407	0.344	0.426	0.37	0.376	0.389	0.375	0.419	0.399	0.416	0.354	0.407	0.37	0.36	0.376	0.369	0.466	0.469	0.467	0.474	0.466	0.49	0.498	0.462	0.498	0.468	0.468	0.467	0.47	0.464	0.471	0.481	0.489	0.461	0.472	0.473	0.475	0.482	0.475	0.475	0.484	0.469	0.476
42.49	0.385	0.385	0.429	0.378	0.411	0.361	0.358	0.373	0.372	0.507	0.408	0.406	0.344	0.424	0.37	0.374	0.387	0.375	0.42	0.4	0.416	0.355	0.408	0.369	0.361	0.376	0.369	0.466	0.471	0.468	0.476	0.467	0.491	0.499	0.463	0.5	0.468	0.469	0.469	0.471	0.466	0.473	0.482	0.49	0.463	0.473	0.475	0.477	0.484	0.477	0.477	0.487	0.471	0.478
42.66	0.39	0.387	0.428	0.382	0.411	0.362	0.36	0.374	0.373	0.508	0.408	0.401	0.346	0.424	0.372	0.376	0.388	0.376	0.423	0.401	0.414	0.357	0.408	0.371	0.362	0.376	0.37	0.464	0.468	0.465	0.473	0.465	0.488	0.496	0.46	0.497	0.466	0.467	0.467	0.469	0.463	0.47	0.479	0.486	0.459	0.47	0.472	0.474	0.48	0.474	0.473	0.483	0.468	0.474
42.82	0.39	0.388	0.431	0.382	0.409	0.362	0.36	0.374	0.373	0.509	0.408	0.401	0.347	0.422	0.372	0.376	0.388	0.376	0.422	0.402	0.412	0.357	0.407	0.371	0.363	0.377	0.37	0.467	0.471	0.467	0.475	0.467	0.49	0.499	0.463	0.5	0.468	0.469	0.468	0.471	0.465	0.472	0.482	0.489	0.462	0.473	0.475	0.477	0.484	0.477	0.476	0.485	0.47	0.477
42.99	0.394	0.39	0.432	0.384	0.411	0.363	0.361	0.374	0.374	0.511	0.411	0.4	0.348	0.423	0.375	0.378	0.389	0.377	0.427	0.403	0.413	0.359	0.41	0.372	0.364	0.377	0.37	0.467	0.471	0.468	0.475	0.467	0.49	0.499	0.463	0.5	0.468	0.469	0.469	0.471	0.465	0.472	0.482	0.489	0.462	0.473	0.475	0.477	0.484	0.477	0.476	0.485	0.47	0.478
43.16	0.394	0.39	0.432	0.386	0.407	0.364	0.362	0.375	0.373	0.511	0.41	0.397	0.348	0.421	0.374	0.378	0.388	0.377	0.425	0.404	0.411	0.359	0.405	0.373	0.365	0.378	0.37	0.467	0.471	0.468	0.476	0.468	0.491	0.499	0.464	0.501	0.469	0.471	0.47	0.472	0.466	0.473	0.483	0.49	0.463	0.474	0.475	0.478	0.484	0.477	0.477	0.486	0.471	0.479
43.32	0.394	0.391	0.435	0.385	0.407	0.365	0.363	0.376	0.374	0.513	0.412	0.398	0.35	0.423	0.376	0.378	0.388	0.377	0.427	0.405	0.412	0.36	0.408	0.374	0.366	0.378	0.371	0.47	0.475	0.471	0.478	0.47	0.494	0.503	0.467	0.504	0.471	0.473	0.472	0.475	0.468	0.476	0.486	0.493	0.466	0.476	0.479	0.48	0.486	0.48	0.479	0.49	0.474	0.482
43.49	0.397	0.394	0.44	0.389	0.406	0.366	0.363	0.376	0.375	0.514	0.411	0.398	0.351	0.422	0.377	0.38	0.389	0.378	0.429	0.407	0.411	0.362	0.409	0.376	0.367	0.379	0.371	0.47	0.474	0.472	0.479	0.471	0.495	0.503	0.468	0.505	0.472	0.473	0.472	0.476	0.469	0.476	0.486	0.493	0.466	0.476	0.478	0.48	0.489	0.48	0.48	0.493	0.475	0.482
43.66	0.398	0.395	0.443	0.39	0.406	0.367	0.364	0.376	0.375	0.517	0.412	0.397	0.352	0.423	0.378	0.38	0.39	0.378	0.429	0.408	0.409	0.364	0.41	0.376	0.367	0.379	0.372	0.472	0.476	0.473	0.48	0.472	0.496	0.505	0.469	0.506	0.474	0.474	0.474	0.477	0.47	0.477	0.488	0.494	0.467	0.477	0.48	0.482	0.488	0.482	0.482	0.496	0.476	0.483
43.82	0.404	0.399	0.443	0.394	0.406	0.369	0.365	0.377	0.375	0.515	0.414	0.395	0.354	0.421	0.38	0.382	0.391	0.378	0.431	0.41	0.409	0.366	0.409	0.378	0.368	0.38	0.372	0.469	0.473	0.47	0.478	0.47	0.493	0.501	0.466	0.503	0.471	0.472	0.472	0.474	0.468	0.475	0.485	0.491	0.465	0.475	0.478	0.48	0.486	0.48	0.479	0.491	0.473	0.481
43.99	0.404	0.399	0.445	0.393	0.408	0.369	0.365	0.376	0.375	0.518	0.415	0.398	0.354	0.422	0.379	0.381	0.39	0.378	0.431	0.411	0.41	0.365	0.411	0.378	0.368	0.379	0.372	0.473	0.476	0.474	0.481	0.473	0.497	0.505	0.47	0.507	0.475	0.475	0.474	0.478	0.471	0.478	0.488	0.495	0.468	0.478	0.481	0.483	0.49	0.483	0.483	0.494	0.477	0.485
44.16	0.407	0.402	0.445	0.396	0.405	0.37	0.366	0.377	0.376	0.521	0.417	0.398	0.355	0.423	0.381	0.382	0.391	0.378	0.433	0.413	0.411	0.368	0.41	0.379	0.37	0.381	0.373	0.471	0.474	0.472	0.478	0.472	0.495	0.503	0.468	0.504	0.473	0.473	0.473	0.476	0.469	0.477	0.486	0.493	0.466	0.477	0.48	0.482	0.488	0.481	0.481	0.49	0.475	0.484
44.32	0.411	0.405	0.446	0.399	0.406	0.37	0.367	0.377	0.376	0.523	0.42	0.399	0.356	0.424	0.382	0.383	0.392	0.379	0.434	0.415	0.413	0.37	0.412	0.381	0.371	0.381	0.373	0.469	0.473	0.471	0.478	0.47	0.494	0.502	0.467	0.503	0.471	0.472	0.472	0.475	0.468	0.476	0.485	0.492	0.465	0.476	0.478	0.48	0.487	0.48	0.48	0.489	0.474	0.482
44.49	0.412	0.406	0.443	0.399	0.406	0.371	0.367	0.376	0.376	0.523	0.422	0.397	0.357	0.423	0.381	0.383	0.391	0.378	0.435	0.416	0.412	0.369	0.411	0.381	0.371	0.381	0.373	0.472	0.475	0.473	0.48	0.472	0.496	0.504	0.469	0.505	0.473	0.473	0.473	0.476	0.47	0.478	0.488	0.494	0.468	0.477	0.481	0.482	0.489	0.481	0.482	0.491	0.477	0.485
44.66	0.414	0.408	0.445	0.403	0.405	0.373	0.368	0.378	0.377	0.522	0.423	0.396	0.359	0.425	0.384	0.385	0.392	0.379	0.435	0.417	0.413	0.373	0.412	0.384	0.372	0.382	0.373	0.47	0.473	0.472	0.479	0.47	0.495	0.502	0.468	0.503	0.47	0.472	0.472	0.475	0.469	0.476	0.486	0.492	0.466	0.476	0.478	0.48	0.486	0.48	0.48	0.488	0.474	0.482
44.82	0.415	0.409	0.448	0.403	0.406	0.372	0.369	0.378	0.378	0.524	0.424	0.398	0.358	0.424	0.383	0.384	0.391	0.379	0.436	0.418	0.414	0.373	0.416	0.383	0.372	0.381	0.373	0.472	0.475	0.473	0.48	0.473	0.496	0.504	0.47	0.506	0.472	0.474	0.474	0.477	0.47	0.478	0.488	0.495	0.468	0.477	0.481	0.482	0.488	0.482	0.483	0.491	0.477	0.484
44.99	0.418	0.411	0.448	0.406	0.407	0.374	0.37	0.378	0.376	0.523	0.426	0.396	0.359	0.424	0.384	0.385	0.392	0.379	0.439	0.419	0.412	0.375	0.416	0.384	0.373	0.382	0.374	0.471	0.474	0.471	0.48	0.471	0.495	0.503	0.468	0.503	0.471	0.472	0.473	0.476	0.47	0.477	0.486	0.493	0.467	0.477	0.479	0.482	0.488	0.481	0.481	0.489	0.475	0.483
45.16	0.419	0.413	0.449	0.406	0.404	0.374	0.37	0.378	0.377	0.525	0.429	0.397	0.36	0.424	0.385	0.386	0.392	0.379	0.441	0.421	0.413	0.377	0.416	0.384	0.374	0.382	0.374	0.47	0.474	0.471	0.479	0.471	0.494	0.502	0.468	0.503	0.471	0.472	0.473	0.476	0.469	0.477	0.486	0.492	0.467	0.476	0.479	0.482	0.488	0.481	0.481	0.489	0.475	0.483
45.32	0.418	0.414	0.45	0.406	0.404	0.374	0.37	0.378	0.377	0.528	0.43	0.395	0.361	0.424	0.385	0.386	0.391	0.379	0.441	0.422	0.412	0.375	0.415	0.384	0.374	0.382	0.374	0.474	0.478	0.475	0.483	0.476	0.499	0.508	0.473	0.509	0.475	0.476	0.477	0.48	0.474	0.482	0.491	0.497	0.472	0.479	0.483	0.486	0.492	0.487	0.485	0.494	0.479	0.488
45.49	0.42	0.415	0.451	0.407	0.403	0.375	0.371	0.378	0.377	0.527	0.43	0.394	0.362	0.423	0.385	0.386	0.391	0.379	0.441	0.422	0.411	0.376	0.415	0.386	0.375	0.382	0.374	0.477	0.481	0.478	0.486	0.479	0.503	0.51	0.477	0.512	0.478	0.479	0.48	0.483	0.477	0.485	0.494	0.5	0.474	0.482	0.487	0.488	0.494	0.49	0.489	0.497	0.482	0.491
45.66	0.422	0.418	0.453	0.409	0.403	0.376	0.372	0.378	0.378	0.529	0.431	0.394	0.362	0.423	0.386	0.388	0.391	0.379	0.441	0.423	0.411	0.378	0.416	0.387	0.375	0.383	0.374	0.474	0.477	0.475	0.483	0.475	0.499	0.508	0.473	0.508	0.475	0.476	0.477	0.48	0.474	0.482	0.491	0.497	0.472	0.48	0.484	0.485	0.491	0.485	0.486	0.493	0.479	0.488
45.82	0.423	0.419	0.455	0.411	0.403	0.377	0.372	0.379	0.378	0.53	0.433	0.394	0.363	0.424	0.386	0.387	0.391	0.38	0.444	0.425	0.412	0.378	0.417	0.386	0.376	0.383	0.376	0.475	0.478	0.476	0.484	0.476	0.5	0.508	0.474	0.509	0.474	0.477	0.478	0.482	0.475	0.483	0.492	0.498	0.473	0.48	0.484	0.487	0.492	0.486	0.486	0.494	0.481	0.49
45.99	0.425	0.423	0.459	0.414	0.404	0.377	0.373	0.379	0.379	0.531	0.436	0.395	0.364	0.425	0.387	0.388	0.391	0.38	0.445	0.426	0.412	0.379	0.419	0.387	0.376	0.383	0.374	0.477	0.48	0.479	0.486	0.479	0.503	0.511	0.477	0.512	0.478	0.479	0.48	0.484	0.477	0.486	0.494	0.501	0.476	0.482	0.487	0.49	0.495	0.49	0.489	0.497	0.483	0.492
46.16	0.428	0.425	0.458	0.416	0.403	0.379	0.373	0.379	0.379	0.532	0.437	0.394	0.364	0.425	0.388	0.39	0.392	0.38	0.445	0.428	0.411	0.382	0.419	0.389	0.377	0.383	0.375	0.475	0.48	0.477	0.485	0.477	0.501	0.509	0.475	0.511	0.476	0.478	0.479	0.483	0.476	0.484	0.493	0.499	0.474	0.481	0.485	0.488	0.493	0.488	0.488	0.495	0.482	0.49
46.32	0.428	0.427	0.458	0.417	0.402	0.379	0.373	0.379	0.379	0.531	0.438	0.392	0.364	0.425	0.387	0.389	0.39	0.38	0.445	0.429	0.411	0.381	0.42	0.389	0.377	0.383	0.375	0.475	0.479	0.477	0.485	0.477	0.5	0.509	0.475	0.51	0.476	0.478	0.479	0.482	0.475	0.484	0.493	0.499	0.474	0.48	0.485	0.487	0.492	0.487	0.487	0.496	0.482	0.49
46.49	0.43	0.428	0.462	0.418	0.404	0.38	0.374	0.379	0.379	0.532	0.438	0.393	0.366	0.424	0.39	0.39	0.392	0.38	0.446	0.429	0.411	0.383	0.421	0.39	0.378	0.384	0.375	0.478	0.481	0.479	0.486	0.479	0.502	0.511	0.477	0.512	0.477	0.48	0.48	0.484	0.477	0.485	0.494	0.5	0.475	0.482	0.487	0.489	0.494	0.489	0.49	0.498	0.483	0.491
46.66	0.431	0.431	0.464	0.42	0.403	0.381	0.375	0.38	0.38	0.533	0.439	0.393	0.367	0.425	0.39	0.391	0.392	0.381	0.448	0.431	0.411	0.384	0.423	0.391	0.378	0.385	0.375	0.479	0.481	0.479	0.487	0.48	0.503	0.512	0.478	0.513	0.478	0.48	0.481	0.486	0.478	0.487	0.495	0.501	0.476	0.483	0.487	0.49	0.495	0.49	0.49	0.498	0.485	0.492
46.82	0.433	0.432	0.464	0.422	0.403	0.384	0.375	0.381	0.38	0.533	0.438	0.392	0.368	0.426	0.392	0.393	0.393	0.381	0.449	0.432	0.41	0.385	0.425	0.393	0.379	0.385	0.376	0.477	0.481	0.478	0.488	0.478	0.502	0.51	0.477	0.511	0.477	0.479	0.48	0.484	0.476	0.486	0.494	0.5	0.475	0.482	0.487	0.491	0.494	0.489	0.488	0.498	0.484	0.491
46.99	0.435	0.434	0.466	0.424	0.404	0.383	0.376	0.381	0.38	0.535	0.441	0.392	0.369	0.426	0.393	0.394	0.393	0.382	0.449	0.433	0.411	0.386	0.425	0.393	0.381	0.385	0.376	0.479	0.483	0.48	0.489	0.481	0.505	0.513	0.48	0.514	0.479	0.481	0.482	0.486	0.479	0.488	0.497	0.503	0.478	0.484	0.489	0.493	0.496	0.491	0.492	0.5	0.487	0.494
47.16	0.436	0.437	0.468	0.425	0.404	0.385	0.376	0.382	0.38	0.534	0.441	0.393	0.37	0.427	0.393	0.395	0.394	0.382	0.451	0.435	0.411	0.387	0.426	0.395	0.38	0.386	0.376	0.48	0.482	0.48	0.488	0.48	0.505	0.513	0.478	0.513	0.478	0.481	0.481	0.485	0.478	0.487	0.496	0.501	0.477	0.483	0.489	0.492	0.495	0.491	0.491	0.5	0.486	0.492
47.32	0.438	0.438	0.47	0.426	0.404	0.386	0.377	0.382	0.38	0.537	0.442	0.393	0.371	0.426	0.393	0.396	0.394	0.382	0.452	0.436	0.41	0.387	0.428	0.395	0.381	0.386	0.376	0.481	0.485	0.482	0.49	0.482	0.506	0.515	0.48	0.514	0.48	0.482	0.483	0.488	0.48	0.489	0.497	0.504	0.479	0.485	0.491	0.495	0.497	0.493	0.493	0.503	0.487	0.495
47.49	0.439	0.441	0.474	0.429	0.412	0.388	0.377	0.383	0.381	0.536	0.442	0.393	0.372	0.428	0.395	0.399	0.395	0.382	0.454	0.437	0.411	0.39	0.43	0.397	0.382	0.386	0.377	0.479	0.484	0.481	0.489	0.481	0.505	0.513	0.479	0.514	0.479	0.482	0.483	0.487	0.48	0.488	0.497	0.502	0.478	0.484	0.489	0.494	0.495	0.492	0.491	0.502	0.486	0.494
47.66	0.441	0.443	0.474	0.43	0.405	0.387	0.378	0.382	0.383	0.536	0.443	0.394	0.372	0.429	0.394	0.398	0.395	0.382	0.454	0.439	0.412	0.39	0.429	0.396	0.382	0.386	0.377	0.48	0.485	0.482	0.49	0.483	0.507	0.515	0.481	0.515	0.48	0.484	0.484	0.489	0.481	0.49	0.499	0.504	0.481	0.484	0.491	0.495	0.498	0.494	0.494	0.504	0.488	0.495
47.82	0.441	0.443	0.474	0.43	0.404	0.387	0.378	0.382	0.381	0.538	0.445	0.393	0.372	0.428	0.393	0.397	0.393	0.382	0.455	0.44	0.411	0.388	0.432	0.395	0.382	0.386	0.377	0.483	0.488	0.485	0.493	0.484	0.51	0.518	0.484	0.518	0.483	0.485	0.487	0.492	0.484	0.494	0.502	0.506	0.483	0.486	0.493	0.498	0.501	0.497	0.497	0.506	0.491	0.498
47.99	0.442	0.446	0.476	0.432	0.405	0.389	0.379	0.383	0.382	0.538	0.445	0.392	0.373	0.429	0.394	0.4	0.394	0.382	0.456	0.441	0.411	0.391	0.43	0.396	0.383	0.386	0.377	0.481	0.487	0.484	0.493	0.484	0.509	0.517	0.483	0.517	0.481	0.485	0.486	0.491	0.484	0.492	0.501	0.505	0.482	0.486	0.492	0.496	0.499	0.495	0.496	0.504	0.489	0.496
48.16	0.444	0.448	0.476	0.435	0.407	0.391	0.379	0.383	0.383	0.538	0.447	0.394	0.374	0.43	0.396	0.401	0.395	0.383	0.459	0.443	0.412	0.394	0.432	0.398	0.384	0.387	0.378	0.479	0.483	0.481	0.49	0.48	0.505	0.513	0.48	0.513	0.478	0.482	0.483	0.487	0.479	0.488	0.497	0.501	0.479	0.482	0.488	0.492	0.495	0.491	0.492	0.501	0.485	0.493