Gen	AA	MO	REX	BS	OA	CX	PM	ID	Comm	Rep	Total
2	128	4	0	4	4	140	0	A1	A	1	280
5	4600	480	960	0	0	240	0	A1	A	1	6280
6	0	160	0	0	0	2160	40	A1	A	1	2360
9	0	375	0	0	0	2625	125	A1	A	1	3125
2	120	8	0	0	8	196	0	A2	A	2	332
5	0	40000	0	0	0	0	0	A2	A	2	40000
6	0	2333.333333	0	111.1111111	0	4888.888889	0	A2	A	2	7333.333333
9	0	148.1481481	0	0	0	888.8888889	74.07407407	A2	A	2	1111.111111
2	840	0	0	0	12	160	0	B1	B	1	1012
5	0	2440	40	40	0	0	0	B1	B	1	2520
6	0	40	0	40	0	800	0	B1	B	1	880
9	0	30.76923077	0	0	0	1200	15.38461538	B1	B	1	1246.153846
2	20	0	0	0	0	244	0	B2	B	2	264
5	0	440	0	0	0	0	0	B2	B	2	440
6	0	40	0	0	0	1120	0	B2	B	2	1160
9	0	0	0	0	0	938.4615385	7.692307692	B2	B	2	946.1538462
2	960	0	0	0	200	0	0	C1	C	1	1160
5	0	7480	1480	0	1000	0	0	C1	C	1	9960
6	0	5320	400	40	0	80	0	C1	C	1	5840
9	0	363.6363636	0	0	0	363.6363636	45.45454545	C1	C	1	772.7272727
2	600	80	0	0	240	520	0	C2	C	2	1440
5	0	8040	400	0	0	0	0	C2	C	2	8440
6	0	5120	0	0	0	360	520	C2	C	2	6000
9	0	468.0851064	0	0	0	2638.297872	255.3191489	C2	C	2	3361.702128
2	112	0	4	0	32	12	0	D1	D	1	160
5	0	104	32	0	4	0	28	D1	D	1	168
6	0	4000	0	0	0	240	40	D1	D	1	4280
9	0	640	0	0	0	1040	0	D1	D	1	1680
2	0	0	0	0	12	64	0	D2	D	2	76
5	0	5360	1000	0	0	0	880	D2	D	2	7240
6	0	5960	0	0	0	120	1360	D2	D	2	7440
9	0	800	0	0	0	400	0	D2	D	2	1200
2	0	4	0	4	4	140	0	E1	E	1	152
5	0	16720	5760	0	0	0	0	E1	E	1	22480
6	0	160	0	0	0	760	0	E1	E	1	920
9	0	7.142857143	0	0	0	264.2857143	0	E1	E	1	271.4285714
2	244	0	0	0	12	140	0	E2	E	2	396
5	0	22080	3560	0	0	0	0	E2	E	2	25640
6	0	40	0	0	0	1240	0	E2	E	2	1280
9	0	0	0	0	0	361.2903226	0	E2	E	2	361.2903226
2	352	4	0	4	4	256	0	F1	F	1	620
6	0	40	0	0	0	920	8	F1	F	1	968
9	0	0	0	0	0	362.5	25	F1	F	1	387.5
2	112	0	4	0	4	180	0	F2	F	2	300
6	0	160	4	0	0	1280	0	F2	F	2	1444
9	0	0	0	0	0	1440	0	F2	F	2	1440
2	584	0	4	0	0	4	0	G1	G	1	592
5	0	22560	10400	0	0	0	0	G1	G	1	32960
6	0	3960	40	0	0	200	40	G1	G	1	4240
9	0	1200	0	0	0	240	0	G1	G	1	1440
2	1000	0	40	0	0	120	0	G2	G	2	1160
5	0	27200	7480	0	0	0	0	G2	G	2	34680
6	0	1560	0	0	0	40	0	G2	G	2	1600
9	0	37.03703704	0	0	0	0	14.81481481	G2	G	2	51.85185185
2	516	0	24	0	0	4	0	H1	H	1	544
5	0	400	120	0	0	840	0	H1	H	1	1360
6	0	3040	0	0	40	360	0	H1	H	1	3440
9	0	81.63265306	0	0	0	159.1836735	4.081632653	H1	H	1	244.8979592
2	20	0	0	4	0	8	0	H2	H	2	32
5	0	80	40	0	0	92	0	H2	H	2	212
6	0	3920	0	160	0	240	0	H2	H	2	4320
9	0	320	0	0	0	560	0	H2	H	2	880
2	480	0	80	0	0	80	0	I1	I	1	640
5	0	0	8	0	0	56	8	I1	I	1	72
6	0	208.3333333	0	0	41.66666667	625	0	I1	I	1	875
9	0	33.33333333	0	0	0	608.3333333	0	I1	I	1	641.6666667
2	540	20	0	0	16	96	0	I2	I	2	672
5	0	0	168	0	0	44	240	I2	I	2	452
6	0	54.05405405	0	0	0	378.3783784	0	I2	I	2	432.4324324
9	0	60.60606061	0	0	0	1696.969697	60.60606061	I2	I	2	1818.181818
2	112	0	0	4	24	84	0	J1	J	1	224
5	0	12480	0	0	0	0	0	J1	J	1	12480
6	0	303.030303	0	60.60606061	0	484.8484848	0	J1	J	1	848.4848485
9	0	142.8571429	0	0	0	3000	142.8571429	J1	J	1	3285.714286
5	0	57920	0	0	0	0	0	J2	J	2	57920
6	0	40	0	0	0	800	0	J2	J	2	840
9	0	0	0	0	0	2000	0	J2	J	2	2000
2	560	0	0	0	4	0	0	K1	K	1	564
5	0	22080	80	0	0	0	0	K1	K	1	22160
6	0	2880	400	0	0	160	0	K1	K	1	3440
9	0	282.7586207	0	0	0	262.0689655	0	K1	K	1	544.8275862
2	972	4	8	0	4	0	0	K2	K	2	988
5	0	11360	120	0	0	0	0	K2	K	2	11480
6	0	1000	0	4	0	40	0	K2	K	2	1044
9	0	315.7894737	0	0	0	578.9473684	0	K2	K	2	894.7368421
2	628	0	24	0	0	0	0	L1	L	1	652
6	0	4120	0	0	0	200	0	L1	L	1	4320
9	0	577.7777778	0	0	0	711.1111111	0	L1	L	1	1288.888889
2	2480	12	240	0	0	720	0	L2	L	2	3452
6	0	1560	0	0	0	80	0	L2	L	2	1640
9	0	120	0	0	0	1800	0	L2	L	2	1920