Condition	Community	Invader	Date	AA	MO	PM	CG	Total	fAA	fMO	fPM	fCG
A1.AA0	A1.9	AA.0	20200520	0	1020	80	0	1100	0	0.927272727	0.072727273	0
A1.AA0	A1.9	AA.0	20200520	0	1140	0	20	1160	0	0.982758621	0	0.017241379
A1.AA0	A1.9	AA.0	20200520	0	600	0	740	1340	0	0.447761194	0	0.552238806
A1.AA0	A1.9	AA.0	20200520	0	220	0	1920	2140	0	0.102803738	0	0.897196262
A1.AA0	A1.9	AA.0	20200520	0	2720	500	200	3420	0	0.795321637	0.14619883	0.058479532
A1.AA0	A1.9	AA.0	20200603	200	1260	20	360	1840	0.108695652	0.684782609	0.010869565	0.195652174
A1.AA0	A1.9	AA.0	20200603	0	560	80	1280	1920	0	0.291666667	0.041666667	0.666666667
A1.AA0	A1.9	AA.0	20200603	0	2160	40	0	2200	0	0.981818182	0.018181818	0
A1.AA0	A1.9	AA.0	20200603	0	1280	220	1200	2700	0	0.474074074	0.081481481	0.444444444
A1.AA0	A1.9	AA.0	20200603	100	1920	0	800	2820	0.035460993	0.680851064	0	0.283687943
A1.AA0	A1.9	AA.0	20200603	20	3680	40	700	4440	0.004504505	0.828828829	0.009009009	0.157657658
A1.AA0	A1.9	AA.0	20200603	140	8400	0	2400	10940	0.012797075	0.767824497	0	0.219378428
A1.AA0	A1.9	AA.0	20200603	0	24000	400	2200	26600	0	0.902255639	0.015037594	0.082706767
A1.AA0	A1.9	AA.0	20200608	0	60	420	540	1020	0	0.058823529	0.411764706	0.529411765
A1.AA0	A1.9	AA.0	20200608	0	3000	400	1400	4800	0	0.625	0.083333333	0.291666667
A1.AA0	A1.9	AA.0	20200608	400	1000	4000	400	5800	0.068965517	0.172413793	0.689655172	0.068965517
A1.AA0	A1.9	AA.0	20200608	0	80	1200	6400	7680	0	0.010416667	0.15625	0.833333333
A1.AA0	A1.9	AA.0	20200608	0	0	58400	80	58480	0	0	0.998632011	0.001367989
A1.AA0	A1.9	AA.0	20200713	160	740	440	540	1880	0.085106383	0.393617021	0.234042553	0.287234043
A1.AA0	A1.9	AA.0	20200713	360	700	400	820	2280	0.157894737	0.307017544	0.175438596	0.359649123
A1.AA0	A1.9	AA.0	20200713	220	2400	220	180	3020	0.072847682	0.794701987	0.072847682	0.059602649
A1.AA0	A1.9	AA.0	20200713	280	600	2880	2400	6160	0.045454545	0.097402597	0.467532468	0.38961039
A1.AA0	A1.9	AA.0	20200713	400	7200	200	1400	9200	0.043478261	0.782608696	0.02173913	0.152173913
A1.AA0	A1.9	AA.0	20200713	600	8000	600	1600	10800	0.055555556	0.740740741	0.055555556	0.148148148
A1.AA0	A1.9	AA.0	20200713	0	1200	10000	9200	20400	0	0.058823529	0.490196078	0.450980392
A1.AA0	A1.9	AA.0	20200713	200	4000	24000	56000	84200	0.002375297	0.047505938	0.285035629	0.665083135
A1.AA1	A1.9	AA.1	20200520	0	1400	20	0	1420	0	0.985915493	0.014084507	0
A1.AA1	A1.9	AA.1	20200520	0	280	20	2640	2940	0	0.095238095	0.006802721	0.897959184
A1.AA1	A1.9	AA.1	20200520	0	3200	0	100	3300	0	0.96969697	0	0.03030303
A1.AA1	A1.9	AA.1	20200520	0	2720	100	540	3360	0	0.80952381	0.029761905	0.160714286
A1.AA1	A1.9	AA.1	20200520	0	1400	400	1600	3400	0	0.411764706	0.117647059	0.470588235
A1.AA1	A1.9	AA.1	20200603	0	7000	200	2000	9200	0	0.760869565	0.02173913	0.217391304
A1.AA1	A1.9	AA.1	20200603	0	7000	200	5800	13000	0	0.538461538	0.015384615	0.446153846
A1.AA1	A1.9	AA.1	20200603	0	8000	3000	2800	13800	0	0.579710145	0.217391304	0.202898551
A1.AA1	A1.9	AA.1	20200603	0	46400	800	6400	53600	0	0.865671642	0.014925373	0.119402985
A1.AA1	A1.9	AA.1	20200603	0	32000	200	28000	60200	0	0.531561462	0.003322259	0.465116279
A1.AA1	A1.9	AA.1	20200608	0	1100	280	380	1760	0	0.625	0.159090909	0.215909091
A1.AA1	A1.9	AA.1	20200608	20	1340	520	40	1920	0.010416667	0.697916667	0.270833333	0.020833333
A1.AA1	A1.9	AA.1	20200608	0	180	1740	660	2580	0	0.069767442	0.674418605	0.255813953
A1.AA1	A1.9	AA.1	20200608	0	800	5200	3200	9200	0	0.086956522	0.565217391	0.347826087
A1.AA1	A1.9	AA.1	20200608	2400	2000	2000	6200	12600	0.19047619	0.158730159	0.158730159	0.492063492
A1.AA1	A1.9	AA.1	20200608	0	2800	54400	1000	58200	0	0.048109966	0.934707904	0.017182131
A1.AA1	A1.9	AA.1	20200713	60	440	540	460	1500	0.04	0.293333333	0.36	0.306666667
A1.AA1	A1.9	AA.1	20200713	20	380	720	380	1500	0.013333333	0.253333333	0.48	0.253333333
A1.AA1	A1.9	AA.1	20200713	0	400	680	1020	2100	0	0.19047619	0.323809524	0.485714286
A1.AA1	A1.9	AA.1	20200713	0	260	2400	180	2840	0	0.091549296	0.845070423	0.063380282
A1.AA1	A1.9	AA.1	20200713	0	2080	560	1120	3760	0	0.553191489	0.14893617	0.29787234
A1.AA1	A1.9	AA.1	20200713	60	400	1680	2240	4380	0.01369863	0.091324201	0.383561644	0.511415525
A1.AA1	A1.9	AA.1	20200713	60	2400	29600	1200	33260	0.001803969	0.072158749	0.889957907	0.036079375
A1.AA2	A1.9	AA.2	20200520	40	1160	0	120	1320	0.03030303	0.878787879	0	0.090909091
A1.AA2	A1.9	AA.2	20200520	0	6800	200	6400	13400	0	0.507462687	0.014925373	0.47761194
A1.AA2	A1.9	AA.2	20200520	0	8800	200	5200	14200	0	0.61971831	0.014084507	0.366197183
A1.AA2	A1.9	AA.2	20200603	0	1040	240	1360	2640	0	0.393939394	0.090909091	0.515151515
A1.AA2	A1.9	AA.2	20200603	0	16000	1600	4800	22400	0	0.714285714	0.071428571	0.214285714
A1.AA2	A1.9	AA.2	20200603	0	4600	0	19200	23800	0	0.193277311	0	0.806722689
A1.AA2	A1.9	AA.2	20200603	0	10400	0	13600	24000	0	0.433333333	0	0.566666667
A1.AA2	A1.9	AA.2	20200603	0	27200	200	3000	30400	0	0.894736842	0.006578947	0.098684211
A1.AA2	A1.9	AA.2	20200603	0	28800	2400	5600	36800	0	0.782608696	0.065217391	0.152173913
A1.AA2	A1.9	AA.2	20200603	0	40800	2800	4800	48400	0	0.842975207	0.05785124	0.099173554
A1.AA2	A1.9	AA.2	20200603	0	28000	0	28800	56800	0	0.492957746	0	0.507042254
A1.AA2	A1.9	AA.2	20200608	0	460	100	480	1040	0	0.442307692	0.096153846	0.461538462
A1.AA2	A1.9	AA.2	20200608	40	600	800	900	2340	0.017094017	0.256410256	0.341880342	0.384615385
A1.AA2	A1.9	AA.2	20200608	4400	600	7800	200	13000	0.338461538	0.046153846	0.6	0.015384615
A1.AA2	A1.9	AA.2	20200608	0	0	48800	160	48960	0	0	0.996732026	0.003267974
A1.AA2	A1.9	AA.2	20200608	0	0	80000	20	80020	0	0	0.999750062	0.000249938
A1.AA2	A1.9	AA.2	20200713	0	220	220	600	1040	0	0.211538462	0.211538462	0.576923077
A1.AA2	A1.9	AA.2	20200713	0	740	540	40	1320	0	0.560606061	0.409090909	0.03030303
A1.AA2	A1.9	AA.2	20200713	260	620	380	620	1880	0.138297872	0.329787234	0.20212766	0.329787234
A1.AA2	A1.9	AA.2	20200713	200	5400	400	7000	13000	0.015384615	0.415384615	0.030769231	0.538461538
A1.AA2	A1.9	AA.2	20200713	0	10200	1600	2600	14400	0	0.708333333	0.111111111	0.180555556
A1.AA2	A1.9	AA.2	20200713	0	6800	2200	8200	17200	0	0.395348837	0.127906977	0.476744186
A1.AA3	A1.9	AA.3	20200520	0	900	140	380	1420	0	0.633802817	0.098591549	0.267605634
A1.AA3	A1.9	AA.3	20200520	0	2480	0	480	2960	0	0.837837838	0	0.162162162
A1.AA3	A1.9	AA.3	20200520	0	2000	0	6200	8200	0	0.243902439	0	0.756097561
A1.AA3	A1.9	AA.3	20200520	0	19200	1200	18400	38800	0	0.494845361	0.030927835	0.474226804
A1.AA3	A1.9	AA.3	20200603	0	2720	0	880	3600	0	0.755555556	0	0.244444444
A1.AA3	A1.9	AA.3	20200603	0	7000	0	1600	8600	0	0.813953488	0	0.186046512
A1.AA3	A1.9	AA.3	20200603	1200	8200	400	2600	12400	0.096774194	0.661290323	0.032258065	0.209677419
A1.AA3	A1.9	AA.3	20200603	1000	11200	600	800	13600	0.073529412	0.823529412	0.044117647	0.058823529
A1.AA3	A1.9	AA.3	20200603	2800	7200	0	6600	16600	0.168674699	0.43373494	0	0.397590361
A1.AA3	A1.9	AA.3	20200603	5800	6400	2000	6000	20200	0.287128713	0.316831683	0.099009901	0.297029703
A1.AA3	A1.9	AA.3	20200603	5000	2400	0	26400	33800	0.147928994	0.071005917	0	0.781065089
A1.AA3	A1.9	AA.3	20200603	9000	10400	0	16000	35400	0.254237288	0.293785311	0	0.451977401
A1.AA3	A1.9	AA.3	20200608	0	680	220	660	1560	0	0.435897436	0.141025641	0.423076923
A1.AA3	A1.9	AA.3	20200608	0	500	20	1060	1580	0	0.316455696	0.012658228	0.670886076
A1.AA3	A1.9	AA.3	20200608	400	1000	5400	200	7000	0.057142857	0.142857143	0.771428571	0.028571429
A1.AA3	A1.9	AA.3	20200713	160	260	40	1520	1980	0.080808081	0.131313131	0.02020202	0.767676768
A1.AA3	A1.9	AA.3	20200713	80	1120	100	1840	3140	0.025477707	0.356687898	0.031847134	0.585987261
A1.AA3	A1.9	AA.3	20200713	0	3200	40	500	3740	0	0.855614973	0.010695187	0.13368984
A1.AA3	A1.9	AA.3	20200713	0	4000	360	0	4360	0	0.917431193	0.082568807	0
A1.AA3	A1.9	AA.3	20200713	0	1800	200	6600	8600	0	0.209302326	0.023255814	0.76744186
A1.AA3	A1.9	AA.3	20200713	0	1000	1600	19200	21800	0	0.04587156	0.073394495	0.880733945
A1.AA3	A1.9	AA.3	20200713	10800	2800	0	27200	40800	0.264705882	0.068627451	0	0.666666667
I2.AA0	I2.9	AA.0	20220323	20	5800	9400	7000	22220	0.00090009	0.261026103	0.423042304	0.315031503
I2.AA0	I2.9	AA.0	20220323	17600	27200	1600	17600	64000	0.275	0.425	0.025	0.275
I2.AA0	I2.9	AA.0	20220323	800	11200	1600	2200	15800	0.050632911	0.708860759	0.101265823	0.139240506
I2.AA0	I2.9	AA.0	20220323	16000	8800	12800	1600	39200	0.408163265	0.224489796	0.326530612	0.040816327
I2.AA0	I2.9	AA.0	20220323	1800	19200	18400	21600	61000	0.029508197	0.314754098	0.301639344	0.354098361
I2.AA0	I2.9	AA.0	20220323	40	3600	340	60	4040	0.00990099	0.891089109	0.084158416	0.014851485
I2.AA0	I2.9	AA.0	20220323	0	12800	1200	24000	38000	0	0.336842105	0.031578947	0.631578947
I2.AA0	I2.9	AA.0	20220323	3000	400	49600	19200	72200	0.041551247	0.005540166	0.686980609	0.265927978
I2.AA0	I2.9	AA.0	20220323	6800	2400	28000	50000	87200	0.077981651	0.027522936	0.321100917	0.573394495
I2.AA0	I2.9	AA.0	20220323	2240	1360	40	0	3640	0.615384615	0.373626374	0.010989011	0
I2.AA0	I2.9	AA.0	20220323	0	32000	5000	16000	53000	0	0.603773585	0.094339623	0.301886792
I2.AA0	I2.9	AA.0	20220323	200	24000	3800	200	28200	0.007092199	0.85106383	0.134751773	0.007092199
I2.AA0	I2.9	AA.0	20220406	8000	46400	21600	4000	80000	0.1	0.58	0.27	0.05
I2.AA0	I2.9	AA.0	20220406	1000	5600	4200	8200	19000	0.052631579	0.294736842	0.221052632	0.431578947
I2.AA0	I2.9	AA.0	20220406	0	1000	4200	8600	13800	0	0.072463768	0.304347826	0.623188406
I2.AA0	I2.9	AA.0	20220406	200	1400	600	11200	13400	0.014925373	0.104477612	0.044776119	0.835820896
I2.AA0	I2.9	AA.0	20220406	0	200	200	32000	32400	0	0.00617284	0.00617284	0.987654321
I2.AA0	I2.9	AA.0	20220406	29600	14400	1800	1200	47000	0.629787234	0.306382979	0.038297872	0.025531915
I2.AA0	I2.9	AA.0	20220406	1600	17600	32000	12000	63200	0.025316456	0.278481013	0.506329114	0.189873418
I2.AA0	I2.9	AA.0	20220406	40000	4800	1400	400	46600	0.858369099	0.103004292	0.030042918	0.008583691
I2.AA0	I2.9	AA.0	20220406	0	600	60000	200	60800	0	0.009868421	0.986842105	0.003289474
I2.AA0	I2.9	AA.0	20220406	0	1360	1360	0	2720	0	0.5	0.5	0
I2.AA0	I2.9	AA.0	20220406	400	6400	1440	0	8240	0.048543689	0.776699029	0.174757282	0
I2.AA3	I2.9	AA.3	20220323	1000	6200	1800	200	9200	0.108695652	0.673913043	0.195652174	0.02173913
I2.AA3	I2.9	AA.3	20220323	140	2000	60	360	2560	0.0546875	0.78125	0.0234375	0.140625
I2.AA3	I2.9	AA.3	20220323	2400	9200	0	3800	15400	0.155844156	0.597402597	0	0.246753247
I2.AA3	I2.9	AA.3	20220323	1840	1360	260	20	3480	0.528735632	0.390804598	0.074712644	0.005747126
I2.AA3	I2.9	AA.3	20220323	1200	1120	560	400	3280	0.365853659	0.341463415	0.170731707	0.12195122
I2.AA3	I2.9	AA.3	20220323	1400	8600	5000	3800	18800	0.074468085	0.457446809	0.265957447	0.20212766
I2.AA3	I2.9	AA.3	20220323	5400	6800	1400	0	13600	0.397058824	0.5	0.102941176	0
I2.AA3	I2.9	AA.3	20220323	20800	24000	16800	2000	63600	0.327044025	0.377358491	0.264150943	0.031446541
I2.AA3	I2.9	AA.3	20220323	19200	20000	3000	800	43000	0.446511628	0.465116279	0.069767442	0.018604651
I2.AA3	I2.9	AA.3	20220323	80	300	440	280	1100	0.072727273	0.272727273	0.4	0.254545455
I2.AA3	I2.9	AA.3	20220323	7200	6400	6400	7200	27200	0.264705882	0.235294118	0.235294118	0.264705882
I2.AA3	I2.9	AA.3	20220406	400	16000	14400	24800	55600	0.007194245	0.287769784	0.258992806	0.446043165
I2.AA3	I2.9	AA.3	20220406	0	80	320	960	1360	0	0.058823529	0.235294118	0.705882353
I2.AA3	I2.9	AA.3	20220406	280	180	1600	2000	4060	0.068965517	0.044334975	0.39408867	0.492610837
I2.AA3	I2.9	AA.3	20220406	0	9600	2200	4000	15800	0	0.607594937	0.139240506	0.253164557
I2.AA3	I2.9	AA.3	20220406	0	220	1120	0	1340	0	0.164179104	0.835820896	0
I2.AA3	I2.9	AA.3	20220406	60	200	2160	1440	3860	0.015544041	0.051813472	0.559585492	0.373056995
I2.AA3	I2.9	AA.3	20220406	400	1600	3000	16000	21000	0.019047619	0.076190476	0.142857143	0.761904762
N.AA0	N	AA.0	20200511	0	240	620	540	1400	0	0.171428571	0.442857143	0.385714286
N.AA0	N	AA.0	20200511	0	5000	0	0	5000	0	1	0	0
N.AA0	N	AA.0	20200511	0	4800	1000	33600	39400	0	0.121827411	0.025380711	0.852791878
N.AA0	N	AA.0	20200511	0	29600	2400	37600	69600	0	0.425287356	0.034482759	0.540229885
N.AA0	N	AA.0	20200511	0	200000	400	17600	218000	0	0.917431193	0.001834862	0.080733945
N.AA0	N	AA.0	20200603	0	760	0	380	1140	0	0.666666667	0	0.333333333
N.AA0	N	AA.0	20200603	0	800	20	760	1580	0	0.506329114	0.012658228	0.481012658
N.AA0	N	AA.0	20200603	0	640	40	1520	2200	0	0.290909091	0.018181818	0.690909091
N.AA0	N	AA.0	20200603	0	1600	0	14200	15800	0	0.101265823	0	0.898734177
N.AA0	N	AA.0	20200603	0	23200	1000	14400	38600	0	0.601036269	0.025906736	0.373056995
N.AA0	N	AA.0	20200603	0	36000	800	6000	42800	0	0.841121495	0.018691589	0.140186916
N.AA0	N	AA.0	20200603	0	20000	200	36000	56200	0	0.355871886	0.003558719	0.640569395
N.AA0	N	AA.0	20200713	480	600	0	80	1160	0.413793103	0.517241379	0	0.068965517
N.AA0	N	AA.0	20200713	0	2240	0	1600	3840	0	0.583333333	0	0.416666667
N.AA0	N	AA.0	20200713	20	6400	0	200	6620	0.003021148	0.966767372	0	0.03021148
N.AA0	N	AA.0	20200713	0	11800	0	10400	22200	0	0.531531532	0	0.468468468
N.AA0	N	AA.0	20200713	400	14600	200	12000	27200	0.014705882	0.536764706	0.007352941	0.441176471
N.AA0	N	AA.0	20200713	0	32000	200	11200	43400	0	0.737327189	0.004608295	0.258064516
N.AA1	N	AA.1	20200511	40	2800	140	220	3200	0.0125	0.875	0.04375	0.06875
N.AA1	N	AA.1	20200511	40	5800	0	0	5840	0.006849315	0.993150685	0	0
N.AA1	N	AA.1	20200511	0	3600	400	2800	6800	0	0.529411765	0.058823529	0.411764706
N.AA1	N	AA.1	20200511	0	8000	7000	1600	16600	0	0.481927711	0.421686747	0.096385542
N.AA1	N	AA.1	20200511	11000	1800	40	6400	19240	0.571725572	0.093555094	0.002079002	0.332640333
N.AA1	N	AA.1	20200511	200	24000	0	0	24200	0.008264463	0.991735537	0	0
N.AA1	N	AA.1	20200511	10600	2000	5400	12400	30400	0.348684211	0.065789474	0.177631579	0.407894737
N.AA1	N	AA.1	20200511	12800	2400	17600	20000	52800	0.242424242	0.045454545	0.333333333	0.378787879
N.AA1	N	AA.1	20200603	0	1040	0	1440	2480	0	0.419354839	0	0.580645161
N.AA1	N	AA.1	20200603	0	2160	20	1440	3620	0	0.596685083	0.005524862	0.397790055
N.AA1	N	AA.1	20200603	0	3400	200	5600	9200	0	0.369565217	0.02173913	0.608695652
N.AA1	N	AA.1	20200603	0	14400	800	22400	37600	0	0.382978723	0.021276596	0.595744681
N.AA1	N	AA.1	20200603	0	26400	400	13600	40400	0	0.653465347	0.00990099	0.336633663
N.AA1	N	AA.1	20200603	0	4600	0	75200	79800	0	0.05764411	0	0.94235589
N.AA1	N	AA.1	20200603	0	51200	800	40000	92000	0	0.556521739	0.008695652	0.434782609
N.AA1	N	AA.1	20200603	0	80000	200	16000	96200	0	0.831600832	0.002079002	0.166320166
N.AA1	N	AA.1	20200713	0	400	200	5600	6200	0	0.064516129	0.032258065	0.903225806
N.AA1	N	AA.1	20200713	600	16400	0	5200	22200	0.027027027	0.738738739	0	0.234234234
N.AA1	N	AA.1	20200713	200	8400	0	24000	32600	0.006134969	0.257668712	0	0.736196319
N.AA1	N	AA.1	20200713	0	22400	0	12000	34400	0	0.651162791	0	0.348837209
N.AA2	N	AA.2	20200511	0	2400	0	20	2420	0	0.991735537	0	0.008264463
N.AA2	N	AA.2	20200511	0	3600	40	480	4120	0	0.873786408	0.009708738	0.116504854
N.AA2	N	AA.2	20200511	0	4200	0	20	4220	0	0.995260664	0	0.004739336
N.AA2	N	AA.2	20200511	0	6200	600	600	7400	0	0.837837838	0.081081081	0.081081081
N.AA2	N	AA.2	20200511	0	20000	600	3000	23600	0	0.847457627	0.025423729	0.127118644
N.AA2	N	AA.2	20200511	0	13600	2400	10400	26400	0	0.515151515	0.090909091	0.393939394
N.AA2	N	AA.2	20200511	0	24000	4800	3600	32400	0	0.740740741	0.148148148	0.111111111
N.AA2	N	AA.2	20200520	0	980	0	20	1000	0	0.98	0	0.02
N.AA2	N	AA.2	20200520	0	1340	0	0	1340	0	1	0	0
N.AA2	N	AA.2	20200520	0	5000	40	40	5080	0	0.984251969	0.007874016	0.007874016
N.AA2	N	AA.2	20200520	40	5800	0	0	5840	0.006849315	0.993150685	0	0
N.AA2	N	AA.2	20200520	0	5400	0	3800	9200	0	0.586956522	0	0.413043478
N.AA2	N	AA.2	20200603	180	740	0	440	1360	0.132352941	0.544117647	0	0.323529412
N.AA2	N	AA.2	20200603	160	1080	40	580	1860	0.086021505	0.580645161	0.021505376	0.311827957
N.AA2	N	AA.2	20200603	0	7200	200	7000	14400	0	0.5	0.013888889	0.486111111
N.AA2	N	AA.2	20200603	400	4400	200	11000	16000	0.025	0.275	0.0125	0.6875
N.AA2	N	AA.2	20200603	200	16000	0	27200	43400	0.004608295	0.368663594	0	0.626728111
N.AA2	N	AA.2	20200603	0	24000	600	24000	48600	0	0.49382716	0.012345679	0.49382716
N.AA2	N	AA.2	20200603	0	15200	0	35200	50400	0	0.301587302	0	0.698412698
N.AA2	N	AA.2	20200603	0	23200	0	40800	64000	0	0.3625	0	0.6375
N.AA2	N	AA.2	20200713	80	2080	0	260	2420	0.033057851	0.859504132	0	0.107438017
N.AA2	N	AA.2	20200713	380	1220	20	1100	2720	0.139705882	0.448529412	0.007352941	0.404411765
N.AA2	N	AA.2	20200713	220	1520	0	3680	5420	0.040590406	0.280442804	0	0.67896679
N.AA2	N	AA.2	20200713	2400	3000	0	1000	6400	0.375	0.46875	0	0.15625
N.AA2	N	AA.2	20200713	4000	2200	0	800	7000	0.571428571	0.314285714	0	0.114285714
N.AA2	N	AA.2	20200713	400	6000	200	5600	12200	0.032786885	0.491803279	0.016393443	0.459016393
N.AA2	N	AA.2	20200713	0	29600	1200	21600	52400	0	0.564885496	0.022900763	0.41221374
N.AA2	N	AA.2	20200713	0	60800	0	12000	72800	0	0.835164835	0	0.164835165
N.AA3	N	AA.3	20200511	1080	360	0	660	2100	0.514285714	0.171428571	0	0.314285714
N.AA3	N	AA.3	20200511	200	2400	0	400	3000	0.066666667	0.8	0	0.133333333
N.AA3	N	AA.3	20200511	40	10000	160	400	10600	0.003773585	0.943396226	0.01509434	0.037735849
N.AA3	N	AA.3	20200511	800	8000	0	9400	18200	0.043956044	0.43956044	0	0.516483516
N.AA3	N	AA.3	20200511	6000	24800	0	0	30800	0.194805195	0.805194805	0	0
N.AA3	N	AA.3	20200511	600	37600	2400	3000	43600	0.013761468	0.862385321	0.055045872	0.068807339
N.AA3	N	AA.3	20200511	200	56000	0	200	56400	0.003546099	0.992907801	0	0.003546099
N.AA3	N	AA.3	20200603	100	5120	20	420	5660	0.017667845	0.90459364	0.003533569	0.074204947
N.AA3	N	AA.3	20200603	2000	3000	0	3200	8200	0.243902439	0.365853659	0	0.390243902
N.AA3	N	AA.3	20200603	400	6000	0	4200	10600	0.037735849	0.566037736	0	0.396226415
N.AA3	N	AA.3	20200603	8000	20000	0	4800	32800	0.243902439	0.609756098	0	0.146341463
N.AA3	N	AA.3	20200603	3400	32000	0	1600	37000	0.091891892	0.864864865	0	0.043243243
N.AA3	N	AA.3	20200603	1800	24800	0	27200	53800	0.033457249	0.460966543	0	0.505576208
N.AA3	N	AA.3	20200603	14400	16800	0	27200	58400	0.246575342	0.287671233	0	0.465753425
N.AA3	N	AA.3	20200603	19200	23200	400	27200	70000	0.274285714	0.331428571	0.005714286	0.388571429
N.AA3	N	AA.3	20200608	0	940	0	660	1600	0	0.5875	0	0.4125
N.AA3	N	AA.3	20200608	0	1920	3040	40	5000	0	0.384	0.608	0.008
N.AA3	N	AA.3	20200608	0	4600	0	7000	11600	0	0.396551724	0	0.603448276
N.AA3	N	AA.3	20200608	2800	3600	0	5600	12000	0.233333333	0.3	0	0.466666667
N.AA3	N	AA.3	20200713	520	1240	480	1300	3540	0.146892655	0.350282486	0.13559322	0.367231638
N.AA3	N	AA.3	20200713	640	2400	140	620	3800	0.168421053	0.631578947	0.036842105	0.163157895
N.AA3	N	AA.3	20200713	800	8600	0	3400	12800	0.0625	0.671875	0	0.265625
N.AA3	N	AA.3	20200713	11800	1600	60	3400	16860	0.699881376	0.09489917	0.003558719	0.201660735
N.AA3	N	AA.3	20200713	3800	9200	20	6800	19820	0.19172553	0.464177598	0.001009082	0.34308779
N.AA3	N	AA.3	20200713	16000	800	20	5000	21820	0.733272227	0.036663611	0.00091659	0.229147571
N.AA3	N	AA.3	20200713	36800	1000	200	8200	46200	0.796536797	0.021645022	0.004329004	0.177489177
N.AA3	N	AA.3	20200713	600	72800	0	3000	76400	0.007853403	0.952879581	0	0.039267016